BE_O 1s/8	CPS_O 1s/8	O 1s_1_O 1s/8	O 1s_2_O 1s/8	O 1s_3_O 1s/8	Background_O 1s/8
543.064	7527.24	7526.54	7525.14	7524.89	7524.67
542.964	7403.3	7402.58	7401.16	7400.9	7400.67
542.864	7365.38	7364.64	7363.17	7362.91	7362.67
542.764	7572.79	7572.03	7570.52	7570.25	7570
542.664	7379.54	7378.75	7377.21	7376.92	7376.67
542.564	7458.96	7458.14	7456.56	7456.26	7456
542.464	7521.71	7520.86	7519.24	7518.94	7518.67
542.364	7553.13	7552.25	7550.6	7550.28	7550
542.264	7479.21	7478.31	7476.62	7476.29	7476
542.164	7435.28	7434.36	7432.62	7432.3	7432
542.064	7448.03	7447.09	7445.3	7444.97	7444.67
541.964	7495.45	7494.48	7492.66	7492.32	7492
541.864	7510.21	7509.2	7507.34	7507	7506.67
541.764	7451.65	7450.6	7448.7	7448.34	7448
541.664	7433.1	7432.02	7430.06	7429.69	7429.33
541.564	7371.89	7370.77	7368.75	7368.37	7368
541.464	7487.35	7486.19	7484.1	7483.72	7483.33
541.364	7440.14	7438.95	7436.8	7436.4	7436
541.264	7424.27	7423.03	7420.82	7420.41	7420
541.164	7337.06	7335.78	7333.52	7333.09	7332.67
541.064	7419.19	7417.87	7415.55	7415.1	7414.67
540.964	7539.32	7537.95	7535.58	7535.12	7534.67
540.864	7350.79	7349.37	7346.95	7346.47	7346
540.764	7392.94	7391.46	7388.98	7388.5	7388
540.664	7399.08	7397.54	7395.02	7394.52	7394
540.564	7237.27	7235.67	7233.06	7232.54	7232
540.464	7300.8	7299.14	7296.43	7295.9	7295.33
540.364	7234.32	7232.61	7229.81	7229.24	7228.67
540.264	7261.86	7260.08	7257.19	7256.59	7256
540.164	7301.4	7299.55	7296.57	7295.95	7295.33
540.064	7239.61	7237.68	7234.62	7233.98	7233.33
539.964	7201.16	7199.15	7196	7195.34	7194.67
539.864	7251.38	7249.29	7246.06	7245.37	7244.67
539.764	7202.94	7200.76	7197.45	7196.74	7196
539.664	7273.18	7270.89	7267.51	7266.77	7266
539.564	7251.41	7249.03	7245.57	7244.81	7244
539.464	7203.67	7201.18	7197.64	7196.85	7196
539.364	7278.68	7276.08	7272.38	7271.55	7270.67
539.264	7314.37	7311.64	7307.79	7306.93	7306
539.164	7158.73	7155.88	7151.88	7150.98	7150
539.064	7115.1	7112.11	7107.97	7107.03	7106
538.964	7190.81	7187.67	7183.39	7182.41	7181.33
538.864	7178.34	7175.05	7170.83	7169.8	7168.67
538.764	7204.74	7201.28	7196.93	7195.86	7194.67
538.664	7203.17	7199.53	7195.05	7193.93	7192.67
538.564	7184.96	7181.13	7176.5	7175.33	7174
538.464	7172.77	7168.73	7163.96	7162.74	7161.33
538.364	7175.28	7171.02	7166.1	7164.82	7163.33
538.264	7231.83	7227.33	7222.25	7220.91	7219.33
538.164	7195.74	7190.98	7185.75	7184.34	7182.67
538.064	7206.35	7201.32	7195.92	7194.45	7192.67
537.964	7197.68	7192.34	7186.77	7185.23	7183.33
537.864	7156.38	7150.72	7144.98	7143.35	7141.33
537.764	7111.13	7105.12	7099.2	7097.48	7095.33
537.664	7093.94	7087.54	7081.43	7079.63	7077.33
537.564	7212.13	7205.32	7199.03	7197.12	7194.67
537.464	7140.4	7133.13	7126.64	7124.63	7122
537.364	7122.07	7114.3	7107.62	7105.49	7102.67
537.264	7102.48	7094.16	7087.29	7085.04	7082
537.164	7186.32	7177.4	7170.32	7167.94	7164.67
537.064	7195.59	7186	7178.73	7176.2	7172.67
536.964	7060.98	7050.64	7043.18	7040.49	7036.67
536.864	7118.49	7107.33	7099.68	7096.82	7092.67
536.764	7102.14	7090.06	7082.23	7079.18	7074.67
536.664	7119.28	7106.17	7098.18	7094.93	7090
536.564	7186.61	7172.34	7164.21	7160.73	7155.33
536.464	7074.15	7058.56	7050.32	7046.59	7040.67
536.364	7165.93	7148.86	7140.54	7136.53	7130
536.264	7219.34	7200.55	7192.22	7187.9	7180.67
536.164	7229.74	7208.99	7200.7	7196.05	7188
536.064	7225.87	7202.85	7194.68	7189.67	7180.67
535.964	7215.79	7190.14	7182.19	7176.79	7166.67
535.864	7225.6	7196.86	7189.28	7183.46	7172
535.764	7153.4	7121.03	7113.97	7107.73	7094.67
535.664	7171.99	7135.33	7129	7122.32	7107.33
535.564	7179.96	7128.21	7122.87	7115.77	7098.44
535.464	7147.96	7130.13	7126.09	7118.62	7098.44
535.364	7187.32	7132.22	7129.85	7122.09	7098.42
535.264	7198.34	7134.49	7134.25	7126.38	7098.39
535.164	7201.4	7137.01	7139.47	7131.7	7098.39
535.064	7246.87	7139.77	7145.59	7138.27	7098.38
534.964	7255.2	7142.79	7152.75	7146.35	7098.35
534.864	7286.92	7146.1	7161.1	7156.28	7098.28
534.764	7282.68	7149.77	7170.87	7168.47	7098.21
534.664	7313.19	7153.85	7182.25	7183.35	7098.13
534.564	7339.17	7158.44	7195.49	7201.4	7098.08
534.464	7421.4	7163.61	7210.79	7223.05	7098.03
534.364	7420.61	7169.42	7228.37	7248.75	7097.97
534.264	7487.53	7175.97	7248.42	7278.89	7097.87
534.164	7582.87	7183.4	7271.17	7313.78	7097.74
534.064	7607.24	7191.91	7296.81	7353.72	7097.6
533.964	7704.37	7201.71	7325.51	7398.64	7097.42
533.864	7724.37	7213.08	7357.4	7448.39	7097.25
533.764	7827.27	7226.37	7392.51	7502.5	7097.05
533.664	8139.28	7241.91	7430.77	7560.2	7096.8
533.564	8209.79	7260.23	7472.07	7620.47	7096.49
533.464	8287.92	7281.96	7516.2	7681.97	7096.11
533.364	8422.48	7307.85	7562.91	7743.15	7095.72
533.264	8562.36	7338.94	7611.72	7802.19	7095.25
533.164	8606.09	7376.2	7662.1	7857.18	7094.69
533.064	8852.76	7421.25	7713.45	7906.27	7094.1
532.964	9101.33	7475.6	7764.97	7947.57	7093.4
532.864	9251.24	7541.19	7815.83	7979.37	7092.58
532.764	9402.87	7620.58	7865.15	8000.41	7091.64
532.664	9376.68	7716.03	7912	8009.83	7090.58
532.564	9584.87	7831.07	7955.39	8007.15	7089.37
532.464	9679.36	7968.51	7994.43	7992.47	7088.03
532.364	9853.67	8132.18	8028.23	7966.28	7086.51
532.264	10041.8	8325.89	8056.01	7929.55	7084.85
532.164	10447.7	8552.95	8077.13	7883.73	7083.06
532.064	10677.3	8818.04	8091.05	7830.54	7081.16
531.964	10734.1	9123.17	8097.34	7771.77	7079.07
531.864	11023.6	9472.13	8095.85	7709.38	7076.87
531.764	11348.8	9866.12	8086.66	7645.34	7074.64
531.664	11852.3	10305.8	8069.88	7581.33	7072.33
531.564	12315.5	10790.7	8045.77	7518.85	7069.89
531.464	12556.6	11317.2	8014.94	7459.22	7067.42
531.364	13433.8	11882.1	7978.06	7403.38	7064.87
531.264	13740.8	12477.5	7935.86	7351.96	7062.23
531.164	14270.3	13094.8	7889.18	7305.33	7059.48
531.064	14612.4	13723	7838.92	7263.62	7056.59
530.964	15455	14349.4	7786.02	7226.79	7053.59
530.864	15584.4	14959.3	7731.38	7194.53	7050.43
530.764	16186.5	15538.3	7675.94	7166.53	7047.17
530.664	16945	16069.7	7620.5	7142.37	7043.79
530.564	17246.2	16539.3	7565.87	7121.61	7040.32
530.464	17575.7	16932.8	7512.77	7103.89	7036.86
530.364	17720.9	17237.1	7461.81	7088.79	7033.43
530.264	17973.9	17444.7	7413.53	7076.01	7030.15
530.164	17924.4	17545	7368.29	7065.2	7027.05
530.064	17872.6	17538.5	7326.43	7056.16	7024.26
529.964	17616.2	17423.1	7288.14	7048.68	7021.84
529.864	17459.7	17203.3	7253.4	7042.49	7019.74
529.764	17210.4	16886.7	7222.31	7037.51	7018.08
529.664	16776.4	16481.8	7194.64	7033.47	7016.76
529.564	16472	16003	7170.25	7030.25	7015.77
529.464	15709.1	15462.6	7148.83	7027.64	7014.99
529.364	15204.1	14877.2	7130.14	7025.51	7014.39
529.264	14471.6	14261.8	7113.96	7023.8	7013.96
529.164	13526.6	13631.5	7100.05	7022.45	7013.7
529.064	13283	13000.5	7088.07	7021.32	7013.48
528.964	12253.3	12381.8	7077.81	7020.39	7013.33
528.864	11947.8	11785.6	7069.05	7019.61	7013.23
528.764	11175.4	11221.2	7061.56	7018.92	7013.13
528.664	10642.2	10694.8	7055.2	7018.35	7013.08
528.564	10352.4	10210.9	7049.78	7017.85	7013.03
528.464	9909.1	9772.5	7045.18	7017.42	7013
528.364	9511.71	9379.36	7041.28	7017.06	7012.99
528.264	8860.91	9032.19	7037.95	7016.74	7012.99
528.164	8653.4	8727.8	7035.09	7016.43	7012.96
528.064	8387.07	8464.16	7032.65	7016.16	7012.95
527.964	8288.42	8237.82	7030.56	7015.92	7012.94
527.864	8163.34	8044.75	7028.75	7015.7	7012.93
527.764	7798.8	7881.95	7027.19	7015.51	7012.92
527.664	7750.13	7744.8	7025.84	7015.33	7012.92
527.564	7604.41	7630.41	7024.65	7015.16	7012.9
527.464	7547.92	7535.09	7023.61	7015.01	7012.9
527.364	7467.75	7455.95	7022.7	7014.87	7012.89
527.264	7429.81	7438.94	7070.35	7063.2	7061.33
527.164	7315.98	7305.92	6990.97	6984.42	6982.67
527.064	7318.37	7309.05	7038.34	7032.32	7030.67
526.964	7315.03	7306.37	7072.44	7066.89	7065.33
526.864	7163.38	7155.31	6951.93	6946.8	6945.33
526.764	7156.88	7149.35	6971.47	6966.72	6965.33
526.664	7153.9	7146.86	6990.39	6985.98	6984.67
526.564	7168.41	7161.81	7023.35	7019.25	7018
526.464	7159.05	7152.86	7029.67	7025.85	7024.67
526.364	7096.04	7090.23	6980.03	6976.46	6975.33
526.264	7196.28	7190.8	7091.74	7088.4	7087.33
526.164	7128.77	7123.61	7034.15	7031.01	7030
526.064	7149.25	7144.38	7063.24	7060.3	7059.33
525.964	7190.82	7186.22	7112.35	7109.59	7108.67
525.864	7123.33	7118.98	7051.48	7048.88	7048
525.764	7082.61	7078.49	7016.62	7014.17	7013.33
525.664	7055.24	7051.33	6994.44	6992.13	6991.33
525.564	7082.43	7078.72	7026.28	7024.1	7023.33
525.464	7114.78	7111.26	7062.8	7060.73	7060
525.364	7098.23	7094.88	7049.99	7048.03	7047.33
525.264	7132.05	7128.86	7087.19	7085.33	7084.67
525.164	7062.21	7059.17	7020.4	7018.64	7018
525.064	7085.98	7083.09	7046.95	7045.28	7044.67
524.964	7046.68	7043.91	7010.18	7008.59	7008
524.864	7083.61	7080.96	7049.41	7047.9	7047.33
524.764	7064.08	7061.54	7031.98	7030.56	7030
524.664	7118.05	7115.63	7087.89	7086.54	7086
524.564	7066.19	7063.86	7037.81	7036.51	7036
524.464	7167.8	7165.58	7141.06	7139.82	7139.33
524.364	7206.87	7204.75	7181.66	7180.47	7180
524.264	7089.4	7087.37	7065.59	7064.45	7064
524.164	6997.38	6995.42	6974.85	6973.77	6973.33
524.064	7022.12	7020.24	7000.79	6999.75	6999.33
523.964	7060.28	7058.47	7040.07	7039.07	7038.67
523.864	7031.18	7029.45	7012.01	7011.06	7010.67
523.764	6999.5	6997.83	6981.29	6980.38	6980
523.664	7121.21	7119.6	7103.91	7103.03	7102.67
523.564	7112.99	7111.44	7096.53	7095.69	7095.33
523.464	7100.82	7099.33	7085.15	7084.34	7084
523.364	7062.04	7060.6	7047.11	7046.33	7046
523.264	7052.64	7051.26	7038.4	7037.65	7037.33
523.164	7105.95	7104.62	7092.36	7091.64	7091.33
523.064	7185.3	7184.02	7172.32	7171.63	7171.33