1	465239.52	112.401
2	1601132.175	286.127
3	1253046.7125	270.564
4	1472151.2625	126.829
5	1642610.385	237.841
6	312330.4875	367.799
7	365927.7825	679.518
8	398799.315	147.742
9	465323.0625	113.095
10	467409.9825	3277.643
11	209345.4675	3387.799
12	343914.8625	128.18
13	1232634.9825	4518.374
14	389233.8675	2949.963
15	269704.665	65.668
16	344005.6275	110.411
17	799359.525	113.982
18	452907.2925	279.521
19	755563.095	1489.694
20	463661.595	12869.178
21	488345.85	803.321
22	389418.1425	5757.244
23	271219.1175	77.061
24	255767.2425	1422.874
25	217951.4925	61.033
26	293663.4975	55.889
27	286977.0825	118.632
28	257553.5625	4602.687
29	184528.08	87.192
30	143796.2175	52.925
31	162893.9025	145.261
32	175381.5375	47.754
33	193422.015	130.488
34	275748.435	7025.611
35	402102.72	64.116
36	237897.495	57.975
37	277814.835	55.905
38	253282.23	53.809
39	467085.9825	47.781
40	260920.17	58.744
41	188466.3675	60.294
42	265592.43	46.923
43	460998.675	57.911
44	666997.335	52.948
45	843497.3925	54.565
46	702574.065	57.971
47	711008.6175	46.676
48	1205350.3125	57.449
49	516265.2675	53.652
50	318136.86	57.472
51	232652.655	55.595
52	323126.1675	88.025
53	308068.5825	79.028
54	306321.7725	61.366
55	251418.195	64.607
56	225798.5925	70.202
57	278161.2675	123.431
58	354398.1975	64.39
59	235302.48	63.45
60	232034.445	61.015
61	234263.8575	56.348
62	197140.59	54.193
63	185628.9375	98.955
64	300785.1525	112.118
65	281526.615	99.655
66	258705.675	93.152
67	293154.255	104.127
68	269417.9025	60.943
69	249648.7275	63.205
70	262299.2625	71.765
71	227344.275	59.245
72	224712.2025	62.619
73	219064.2075	54.144
74	221387.58	112.844
75	215765.91	58.815
76	169570.5975	56.819
77	209656.8675	76.883
78	215869.2975	54.062
79	201550.14	59.521
80	234695.7675	60.402
81	237282.345	63.882
82	218475.585	110.861
83	311014.0575	105.273
84	309790.1925	56.426
85	459226.755	101.273
86	364875.93	61.088
87	451198.6875	58.493
88	361857.2175	90.519
89	282436.56	53.939
90	326638.125	78.207
91	308972.7675	61.334
92	279550.7775	77.672
93	493698.96	105.041
94	425668.23	53.62
95	363044.88	82.688
96	483091.1775	106.666
97	360373.5225	110.374
98	599988.2175	83.142
99	756820.8	63.15
100	550024.2	64.468
101	509471.1	84.902
102	347952.4425	60.07
103	476281.845	61.559
104	363603.78	96.66
105	253937.7675	58.565
106	251998.5825	47.508
107	253834.875	105.176
108	240304.1175	57.739
109	280452.2625	55.898
110	257206.23	54.217
111	278067.06	62.17
112	239181.03	71.553
113	316003.0275	77.869
114	235239.75	88.475
115	267210.54	66.541
116	246868.7625	60.902
117	306188.9775	57.227
118	237693.465	63.48
119	321241.41	74.135
120	215189.505	97.928
121	233683.5825	61.905
122	207758.2275	57.802
123	232994.16	123.89
124	188376.435	117.117
125	211012.785	64.867
126	166776.1425	54.275
127	183500.055	67.435
128	184295.0925	153.438
129	157209.4575	62.233
130	158708.925	101.367
131	180460.8225	74.75
132	160977.2175	61.227
133	151861.32	142.538
134	217243.4625	63.936
135	197141.085	61.337
136	173951.0325	94.436
137	189248.3325	56.807
138	187366.185	57.334
139	132249.0375	65.651
140	160730.64	77.933
141	158405.2425	69.921
142	142015.77	331.392
143	136220.8725	55.037
144	167101.2225	57.634
145	177540.255	61.946
146	151309.26	63.08
147	128894.4675	76.057
148	177961.68	58.433
149	178809.0525	92.443
150	143471.1825	66.371
151	175921.2225	103.297
152	178475.535	58.039
153	163350.2925	56.716
154	185853.96	83.846
155	225518.355	47.084
156	223663.86	94.28
157	213375.69	59.827
158	211952.07	95.578
159	255787.8075	63.837
160	252857.8125	128.75
161	262826.91	272.13
162	271926.45	66.384
163	259181.325	79.061
164	199206.8325	68.746
165	194755.8825	57.411
166	282684.4425	142.647
167	241951.14	74.438
168	242974.8225	84.816
169	249917.895	90.386
170	274143.78	62.784
171	286680.7575	87.344
172	301236.5025	65.053
173	303039.855	58.147
174	192383.2575	61.996
175	174794.6925	83.427
176	254803.635	61.243
177	227666.5425	75.44
178	281917.17	82.891
179	244801.62	79.992
180	235546.875	141.344
181	251203.1175	66.839
182	248244.39	250.557
183	211497.2775	71.186
184	186947.1	260.148
185	206427.3525	119.484
186	245584.1025	94.079
187	232105.545	196.834
188	221420.9475	69.726
189	213467.175	168.458
190	220771.26	72.653
191	193156.47	75.164
192	237285.8775	87.074
193	287701.4925	108.213
194	159706.2375	65.553
195	275732.0775	227.784
196	244845.3825	169.793
197	190789.0425	74.834
198	182091.78	150.408
199	158493.0825	68.909
200	161900.865	82.973
201	148244.9175	76.267
202	181748.34	60.168
203	143735.1525	73.008
204	177565.59	86.12
205	216743.0175	130.113
206	240337.98	62.868
207	208055.61	163.16
208	220196.9925	64.688
209	207692.235	75.043
210	209055.825	71.648
211	196828.4925	121.078
212	178710.5475	130.971
213	194171.535	77.94
214	237680.19	77.496
215	176837.3325	126.329
216	222136.6725	139.389
217	167637.7125	71.758
218	208498.3425	173.901
219	184970.115	88.146
220	177680.1825	93.509
221	223430.5125	140.586
222	253176.6375	73.989
223	235045.125	171.153
224	202563.63	79.677
225	214077.915	95.577
226	189814.9725	117.299
227	195802.3125	128.177
228	190659.33	114.647
229	198643.4775	75.796
230	278659.2825	137.832
231	242951.4225	251.738
232	251534.97	236.141
233	253621.7775	263.744
234	267851.5875	106.685
235	215267.265	72.959
236	244099.4175	131.69
237	242068.14	79.24
238	193633.38	73.58
239	175568.67	95.603
240	209562.0075	78.607
241	192040.6725	144.026
242	197759.3175	146.621
243	210280.8825	116.763
244	206482.2075	185.016
245	213061.635	83.705
246	208048.2075	220.931
247	202606.8075	128.982
248	192982.77	138.53
249	184152.4875	72.746
250	228758.7375	192.505
251	207836.415	100.471
252	239323.185	244.371
253	219719.0475	159.433
254	255178.845	88.695
255	157608.9	186.909
256	266043.735	96.391
257	262818.855	153.799
258	252137.79	241.233
259	238277.9475	202.688
260	172899.5625	84.178
261	181981.53	144.814
262	207594.045	78.89
263	185510.9025	90.028
264	198746.28	167.304
265	196906.86	138.367
266	161807.085	70.28
267	143174.4075	179.183
268	136046.43	162.022
269	174902.445	137.127
270	153935.0325	100.648
271	141416.7975	66.684
272	166918.185	97.07
273	252064.26	142.481
274	260822.4075	279.735
275	243694.62	180.695
276	187996.41	95.601
277	192766.41	74.212
278	199526.5125	93.747
279	214947.27	106.042
280	208053.6075	231.75
281	235635.5925	189.226
282	202181.85	93.882
283	214134.39	105.319
284	201351.3975	101.932
285	160256.2275	137.107
286	176212.215	87.035
287	176036.85	87.009
288	204501.33	122.298
289	161498.0475	166.452
290	215064.54	314.729
291	177128.8425	87.106
292	197081.595	202.338
293	154363.365	132.012
294	151122.7125	110.771
295	175633.065	142.298
296	181291.05	595.832
297	155034.72	185.69
298	174394.7775	113.091
299	166250.16	91.108
300	180690.6825	182.341
301	172769.805	90.922
302	179840.115	82.439
303	173205.3375	196.506
304	175301.9325	189.641
305	171113.9175	139.032
306	181485.2025	111.973
307	162100.7775	168.364
308	142911.5625	171.908
309	141114.8025	439.492
310	171878.7375	164.782
311	169963.83	76.992
312	161383.995	129.15
313	155107.755	182.94
314	159317.055	204.957
315	159484.4325	93.342
316	176779.2825	86.204
317	164829.015	98.078
318	214907.1525	207.691
319	199688.3325	468.596
320	194982.795	130.73
321	164082.9825	97.991
322	193933.62	203.722
323	157725.135	579.883
324	176625.585	229.321
325	166299.39	388.378
326	161472.7125	413.28
327	148308.165	88.725
328	143981.775	83.748
329	176293.53	297.122
330	151878.69	75.301
331	164926.7775	383.993
332	139218.705	162.329
333	172308.7125	178.697
334	163179.855	231.978
335	144414.27	818.878
336	143757.9	254.149
337	142531.605	455.115
338	139719.4875	310.138
339	143413.785	172.017
340	159652.2825	260.634
341	137789.2575	159.977
342	135290.8575	97.026
343	143232.84	160.814
344	168098.22	374.217
345	156431.0925	169.688
346	166654.98	159.686
347	166697.8875	155.503
348	157517.2575	209.847
349	158433.2775	265.102
350	156670.2	125.479
351	158554.2825	207.104
352	157794.525	165.79
353	157488.2325	981.741
354	177882.4575	215.68
355	189510.9975	149.935
356	140708.34	80.345
357	151636.005	134.325
358	128402.325	142.257
359	176842.125	273.02
360	178751.655	104.418
361	157694.58	73.594
362	174633.885	76.574
363	165929.985	127.137
364	156512.295	88.928
365	151674.2325	78.32
366	192798.81	268.175
367	155065.545	149.823
368	126422.865	82.956
369	142259.58	268.451
370	165367.395	163.746
371	176936.2425	169.609
372	148760.3475	177.033
373	133402.185	379.153
374	150547.77	165.661
375	130892.0175	109.418
376	123252.1425	72.17
377	142438.0725	146.655
378	122305.41	119.96
379	163031.265	148.804
380	126683.3475	78.369
381	127058.625	140.26
382	123244.8075	287.957
383	130323.2175	284.682
384	153390.915	175.179
385	139405.05	350.658
386	137414.6325	113.021
387	115939.3275	136.939
388	110934.135	256.716
389	133155.72	149.772
390	110874.8025	310.262
391	132658.155	368.021
392	139913.82	104.228
393	136822.7925	145.95
394	129814.0875	123.854
395	131659.9425	169.256
396	143117.9325	153.934
397	122615.3925	207.437
398	161671.0275	159.349
399	168528.375	288.063
400	139372.0425	113.878
401	174416.94	155.941
402	189580.2525	519.02
403	172253.8125	355.107
404	163323.135	98.315
405	186345.8775	131.766
406	201164.2425	190.977
407	199891.4625	82.522
408	165157.92	202.284
409	175062.69	148.604
410	170437.3425	179.188
411	170078.2875	145.899
412	178127.0325	80.507
413	191850.21	135.06
414	147209.6925	152.005
415	235511.8425	222.152
416	222318.7875	111.121
417	227386.9125	84.369
418	242119.26	278.478
419	243473.085	134.363
420	218282.4675	112.476
421	234008.595	145.034
422	220031.91	210.384
423	205693.83	96.136
424	237392.3475	155.348
425	194426.325	211.571
426	212394.15	306.491
427	195013.665	133.729
428	176232.8925	301.27
429	170374.365	84.426
430	150626.835	118.852
431	146731.41	170.802
432	175588.8075	707.212
433	186428.745	193.214
434	187217.775	222.541
435	252235.3275	179.413
436	209070.8325	141.738
437	165001.3875	103.999
438	161532.585	74.678
439	189073.08	213.719
440	155606.2425	291.759
441	152879.1975	206.123
442	195971.85	197.154
443	185001.9525	107.429
444	144801.7425	135.993
445	236633.0625	132.048
446	199307.8125	88.282
447	169855.11	136.685
448	126372.825	171.306
449	135691.4475	157.802
450	152328.06	260.985
451	138798.3825	123.406
452	140532.3	123.71
453	126148.9275	225.157
454	183580.6725	411.472
455	168443.055	100.111
456	177999.795	296.024
457	180312.165	302.738
458	159784.8075	293.666
459	150926.265	146.97
460	151841.2275	195.149
461	157234.05	88.517
462	146004.57	486.257
463	163569.69	163.363
464	134308.485	82.44
465	146061.8775	79.382
466	230584.2075	118.445
467	287855.6625	208.744
468	219411.225	213.999
469	215003.1375	192.442
470	160562.9025	104.851
471	186960.33	1094.647
472	190297.9125	212.981
473	188643.6225	142.224
474	156353.085	138.533
475	189394.0875	167.832
476	233115.165	139.931
477	192324.645	189.007
478	234018.855	164.534
479	308990.8575	350.838
480	328019.6025	123.136
481	206346.915	167.873
482	284415.255	90.939
483	331529.3325	136.017
484	243120.465	136.546
485	246388.9725	106.026
486	257093.2575	90.359
487	245463.12	177.752
488	205167.24	113.697
489	216718.5825	826.033
490	165371.6025	189.915
491	208475.145	66.685
492	171435.2625	267.34
493	171303.975	134.994
494	161363.7675	197.491
495	226837.17	162.02
496	187018.92	172.966
497	173398.8375	73.696
498	153086.8725	120.669
499	227085.8625	188.436
500	207342.3375	269.071
501	186594.075	166.818
502	210735.7425	239.723
503	147127.6125	90.653
504	135206.64	284.705
505	141599.7675	88.686
506	158028.2325	151.521
507	117173.1375	128.364
508	157712.6025	127.263
509	103408.605	102.422
510	167265.855	116.753
511	147104.5725	170.443
512	138405.8475	123.075
513	117051.1875	116.617
514	112368.6675	121.192
515	121470.5475	87.405
516	121031.28	124.13
517	151344.0675	107.747
518	191263.815	133.812
519	210921.3675	123.736
520	187285.1175	721.187
521	258105.555	151.951
522	417685.95	127.419
523	429902.8425	307.423
524	329379.7725	282.097
525	396416.7225	252.965
526	405029.1825	149.339
527	300804.705	132.722
528	386125.83	257.228
529	402235.2225	90.597
530	340820.1225	215.974
531	283472.4825	140.9
532	401217.0075	171.229
533	277554.4425	136.921
534	298752.57	220.403
535	293738.1525	99.977
536	200747.5875	143.333
537	243581.715	94.13
538	293335.0875	168.561
539	287593.6725	88.673
540	195793.47	185.981
541	234409.7925	75.844
542	205903.395	466.158
543	258309.3375	184.426
544	322560.6525	265.259
545	307830.735	208.731
546	231199.515	175.045
547	369502.335	160.482
548	292320.5625	162.611
549	255000.645	88.451
550	213761.6325	109.956
551	147981.9375	187.01
552	178793.955	173.581
553	169760.52	161.656
554	206348.4675	124.243
555	176346.5625	100.647
556	162520.245	176.481
557	160483.2075	213.074
558	167063.31	171.392
559	157645.26	148.859
560	153697.455	108.378
561	181396.5075	113.894
562	172105.3125	139.731
563	220536.225	123.891
564	215818.29	178.287
565	228414.5325	111.006
566	188718.255	125.813
567	192231.99	59.614
568	180308.9025	170.767
569	204753.285	173.311
570	200689.965	127.647
571	248316.885	146.67
572	218868.345	195.33
573	221166.1125	119.216
574	203985.7425	262.831
575	239923.755	217.001
576	181043.55	224.638
577	167233.1175	481.161
578	192433.2525	182.384
579	172930.14	137.025
580	205329.915	214.076
581	240158.16	113.333
582	174123.6975	118.889
583	231955.38	199.376
584	187941.78	140.27
585	208743.9975	108.553
586	169837.4475	128.53
587	169114.185	130.232
588	173333.115	114.079
589	189030.78	125.048
590	145132.65	261.538
591	173413.575	100.095
592	206469.3375	91.365
593	189127.2825	127.379
594	215670.5775	168.804
595	184009.23	117.183
596	185962.3425	107.093
597	196974.2025	135.806
598	181424.205	114.01
599	195687.9	213.28
600	269244.2025	102.862
601	209287.0125	106.958
602	230584.4775	386.18
603	237782.61	300.059
604	215149.365	73.835
605	197736.0975	128.412
606	220325.9175	165.731
607	203163.84	132.276
608	263689.02	158.213
609	277510.005	167.813
610	293869.665	134.078
611	241027.65	119.057
612	192457.035	105.699
613	223693.0425	179.436
614	168919.9875	94.023
615	227148.5475	174.899
616	224560.9575	181.909
617	200872.89	228.643
618	218268.63	131.557
619	227729.925	148.213
620	241066.53	245.893
621	239287.9275	138.812
622	265637.4525	124.139
623	253255.545	143.919
624	235979.415	318.129
625	210046.23	214.011
626	262761.5475	98.927
627	259876.0125	222.69
628	177420.7575	127.831
629	195992.46	180.74
630	219325.9275	202.864
631	214232.13	119.713
632	213227.6625	132.832
633	212586.66	99.86
634	172242.9	118.346
635	162661.6575	120.092
636	180732.825	134.614
637	178874.5725	332.47
638	231809.13	202.602
639	211765.095	176.022
640	231364.44	124.998
641	207162.4725	94.347
642	188450.01	101.348
643	178919.8425	142.456
644	206239.995	174.699
645	205259.13	71.448
646	205668.81	206.302
647	134891.3925	156.871
648	113825.655	224.985
649	153728.685	90.088
650	174923.505	161.266
651	202246.3125	120.391
652	169420.59	119.11
653	210926.43	182.458
654	154450.1925	136.917
655	168366.9375	200.297
656	152479.7775	103.522
657	130519.4175	104.076
658	146399.535	114.954
659	138837.78	77.87
660	130724.865	110.355
661	156272.76	88.339
662	135001.98	97.779
663	163620.405	112.382
664	149835.5775	104.781
665	147923.5275	84.824
666	166140.9	148.118
667	157346.1675	111.121
668	156999.4875	102.187
669	159429.8475	107.513
670	153313.9425	481.234
671	154439.775	125.121
672	177400.17	180.302
673	140466.195	99.747
674	133895.565	88.978
675	140716.0125	137.294
676	150025.8825	83.663
677	183438.855	150.397
678	168017.265	200.263
679	177286.5225	104.588
680	183122.3025	146.837
681	155820.915	113.145
682	167322.2175	129.315
683	149654.61	261.332
684	158965.8525	123.049
685	162554.49	151.763
686	176557.2975	135.061
687	187651.4625	132.904
688	185127.3225	87.696
689	154659.33	114.576
690	168463.8	108.814
691	155834.64	205.103
692	173900.3625	210.595
693	167265.36	124.36
694	167048.46	81.724
695	158435.1	132.331
696	164721.465	99.864
697	168654.195	86.828
698	167743.665	124.806
699	161441.91	101.886
700	212624.3925	212.134
701	166782.9375	220.555
702	144117.2925	196.648
703	160046.505	159.631
704	182509.02	147.792
705	198233.505	105.308
706	211728.4875	175.143
707	176094.405	111.43
708	181441.8675	108.318
709	179212.9275	98.549
710	183808.35	205.959
711	181236.3525	155.062
712	190142.685	140.592
713	203725.1025	158.927
714	172974.51	145.302
715	199961.325	140.955
716	218090.2275	95.593
717	254630.25	142.586
718	198040.7925	219.375
719	189308.115	130.006
720	186172.1775	91.507
721	230604.48	162.817
722	220815.225	118.516
723	180308.835	166.482
724	165223.1025	125.984
725	201549.42	149.058
726	152946.36	223.541
727	217884.06	124.849
728	215803.5075	116.1
729	156375.09	313.093
730	195585.6375	197.946
731	174832.3575	106.829
732	204915.96	87.611
733	177370.4925	130.602
734	244353.3075	110.048
735	205874.2125	395.244
736	196142.2425	136.187
737	250288.4475	215.214
738	234366.6375	64.578
739	203261.985	98.719
740	161647.3575	95.583
741	224764.83	127.241
742	255370.275	132.238
743	183993.0525	151.763
744	240612.795	243.662
745	224612.2575	131.76
746	226247.985	234.991
747	242484.9975	174.909
748	188652.8475	79.679
749	216623.1825	92.871
750	157787.6625	94.787
751	235623.8925	166.403
752	181970.1675	69.09
753	203672.1375	134.835
754	223958.8575	107.969
755	221270.0625	94.631
756	196633.89	126.093
757	203165.0775	117.027
758	194089.41	117.929
759	175632.5025	110.363
760	165030.03	162.525
761	203730.7275	117.161
762	194371.4025	107.117
763	158540.94	150.609
764	178115.3325	123.848
765	175665.8025	120.568
766	179676.405	82.557
767	169582.1625	92.827
768	183542.67	96.781
769	149183.37	151.85
770	193296.105	133.287
771	187429.05	175.413
772	198725.9175	87.702
773	179342.3475	147.073
774	197653.4325	153.648
775	201358.2825	179.009
776	199232.7075	164.456
777	205192.395	162.795
778	207076.68	190.32
779	192966.3	96.575
780	163533.87	93.188
781	140692.0275	169.776
782	174975.7275	117.74
783	173748.915	120.509
784	176852.52	99.266
785	201102.075	78.585
786	146723.49	127.048
787	171838.125	97.936
788	142279.3575	117.683
789	129776.4675	99.715
790	117021.69	63.993
791	116497.6875	137.978
792	114518.9025	79.375
793	112013.0775	118.781
794	109623.5775	99.606
795	106834.7475	246.906
796	111808.485	95.704
797	106864.3125	96.702
798	114427.9125	85.963
799	115806.42	95.327
800	115670.97	89.725
801	110795.9625	96.186
802	112505.6925	98.829
803	98287.515	173.821
804	99675.1125	148.147
805	98617.32	145.08
806	112689.0225	82.287
807	117755.955	152.943
808	97322.31	113.251
809	98264.655	99.091
810	104631.12	97.958
811	107744.175	112.595
812	102141.8325	87.799
813	113856.3675	88.442
814	118272.285	139.2
815	109421.145	98.794
816	108321.4575	97.538
817	116530.9425	110.66
818	115722.8775	185.975
819	110868.5025	99.4
820	109794.7575	95.32
821	142354.4175	189.352
822	123982.0875	68.544
823	127508.13	82.164
824	124019.415	110.707
825	125401.635	91.725
826	134968.815	100.978
827	131932.395	223.711
828	128430.2925	119.078
829	123622.1325	101.738
830	96250.095	106.7
831	108601.3125	96.474
832	104239.215	77.343
833	103247.1	83.651
834	103223.7225	91.641
835	102971.0925	171.451
836	111936.7575	160.209
837	109824.0525	92.42
838	111798.0225	125.575
839	100433.8575	112.631
840	111370.5	144.642
841	106793.46	120.878
842	113746.815	81.606
843	111065.85	86.575
844	105382.71	113.692
845	114147.4725	102.349
846	127698.4575	90.26
847	122575.545	105.478
848	123701.5125	228.911
849	129450.7575	176.844
850	120333.555	124.51
851	121058.4825	124.637
852	118330.9875	210.391
853	119643.7725	612.353
854	115229.07	124.773
855	95912.325	236.643
856	103371.8175	228.649
857	96034.0725	120.422
858	103069.3275	251.521
859	104359.2525	174.694
860	106181.1675	148.27
861	106872.66	177.978
862	111018.735	344.367
863	115691.625	247.322
864	125051.8275	207.431
865	121538.8575	170.65
866	115785.1125	224.095
867	120043.44	200.829
868	153888.5025	257.593
869	160957.0125	127.892
870	138217.6575	194.132
871	144426.015	216.403
872	135302.625	186.035
873	128860.0425	167.196
874	130170.78	217.327
875	134286.705	290.085
876	136144.5525	161.1
877	131814.8325	224.997
878	138576.195	219.112
879	133152.2325	143.685
880	116916.93	201.93
881	116689.3875	159.315
882	108165.285	217.979
883	131830.065	152.573
884	129168.8775	295.517
885	130139.2125	209.096
886	119380.9725	212.025
887	131912.73	212.916
888	126294.4125	175.265
889	114070.9275	214.995
890	120376.395	176.397
891	116719.9875	238.524
892	116859.96	340.936
893	131224.2075	196.409
894	128680.4025	164.347
895	137000.7675	176.654
896	127511.3475	152.67
897	133543.1925	147.132
898	127230.795	132.391
899	122540.445	161.471
900	129261.8925	186.017
901	137226.0825	209.034
902	140645.97	196.338
903	137713.9725	228.848
904	127565.5275	195.648
905	134553.8475	186.232
906	137995.38	167.53
907	131463.36	143.339
908	134585.2575	185.105
909	139619.745	211.642
910	120292.2675	186.706
911	136492.7175	171.113
912	134758.935	320.149
913	120069.8775	249.682
914	118872.45	189.991
915	117220.6575	154.195
916	105422.67	135.302
917	118277.9775	142.778
918	118038.6675	165.401
919	121121.235	132.383
920	134361.225	155.943
921	132569.46	189.188
922	123628.635	176.091
923	139084.2675	138.246
924	133395.0975	173.557
925	136826.0775	252.568
926	116755.5375	174.955
927	120087.54	183.754
928	121846.4325	242.787
929	117889.6725	241.587
930	117263.115	210.709
931	117238.185	212.009
932	119350.44	179.617
933	139050.18	296.257
934	130178.385	179.793
935	130500.1575	245.952
936	106346.7675	157.128
937	121199.76	175.832
938	105500.655	170.313
939	96053.445	241.617
940	108924.9525	168.439
941	102506.5125	191.326
942	120377.79	169.984
943	122189.31	344.987
944	120881.9925	217.667
945	117625.725	192.141
946	117210.78	150.255
947	128973.0825	177.432
948	131491.9125	168.659
949	125909.7975	155.049
950	125904.5775	224.65
951	132851.295	198.932
952	135865.08	157.201
953	131730.075	174.273
954	137695.905	227.692
955	120269.34	238.452
956	123122.205	217.645
957	113278.0725	196.081
958	126594.9675	155.136
959	134806.905	165.106
960	128941.4025	150.182
961	138514.2075	261.439
962	130777.02	161.001
963	131874.7275	179.38
964	115470.945	193.941
965	115364.745	239.844
966	123330.6	189.984
967	109409.175	193.082
968	107508.9375	191.721
969	125241.0525	242.685
970	127448.865	223.321
971	123078.6675	163.814
972	135342.6975	178.941
973	130392.09	208.187
974	125662.2975	204.592
975	119511.3825	247.105
976	126675.6975	224.523
977	128938.23	214.917
978	129542.1975	192.109
979	124251.21	167.695
980	126870.0975	278.993
981	133090.56	161.105
982	134648.865	156.602
983	137721.06	206.172
984	126270.2475	160.924
985	128148.0525	221.326
986	122532.0075	163.642
987	126905.1075	333.487
988	133999.65	323.637
989	123367.95	196.572
990	133232.3775	188.455
991	127545.5925	141.609
992	107395.47	196.587
993	108378.7875	145.385
994	111363.5475	226.214
995	115816.9275	165.467
996	117390.7125	309.26
997	111703.59	181.644
998	108916.4475	242.349
999	117066.465	198.56
1000	115697.115	194.03
1001	94648.3425	250.244
1002	117422.3475	174.371
1003	137042.91	238.256
1004	131699.0925	169.551
1005	145138.1625	193
1006	147463.65	205.794
1007	136606.6125	238.52
1008	122423.22	225.109
1009	124795.5975	192.92
1010	127874.3625	143.835
1011	109029.24	319.599
1012	101503.5075	184.938
1013	100071.7425	180.463
1014	124405.4475	268.087
1015	132775.0875	271.609
1016	131306.3775	182.067
1017	113854.2075	194.22
1018	123820.0875	307.834
1019	113691.8475	210.938
1020	120512.61	369.423
1021	122151.465	163.134
1022	102971.79	268.743
1023	109978.6725	167
1024	108919.62	211.36
1025	110361.195	205.362
1026	112162.5225	374.651
1027	110136.9375	221.113
1028	113416.5825	179.319
1029	96471.045	248.888
1030	111241.485	168.606
1031	114316.5375	150.01
1032	94332.555	192.458
1033	103635.2925	189.391
1034	113793.93	170.641
1035	128673.585	249.751
1036	115572.555	143.291
1037	115990.6725	229.174
1038	123537.4875	142.173
1039	112183.6275	144.054
1040	113601.645	246.162
1041	125372.5425	156.605
1042	121925.1825	161.29
1043	121730.4	190.315
1044	125878.14	170.279
1045	124530.2325	179.696
1046	131795.685	184.071
1047	126919.17	180.743
1048	113455.5525	207.903
1049	122160.5325	171.14
1050	112228.56	196.869
1051	111241.1475	236.37
1052	112025.3625	156.988
1053	104364.2025	222.036
1054	110761.425	166.707
1055	103645.575	218.747
1056	106032.1275	195.496
1057	112746.555	294.167
1058	108515.9025	161.342
1059	109725.8175	205.049
1060	109655.4375	213.165
1061	106888.8375	203.768
1062	108598.365	200.442
1063	111379.7925	208.264
1064	113076.45	177.247
1065	101871.135	236.772
1066	106973.5725	147.686
1067	105310.53	175.175
1068	105602.535	202.703
1069	103004.775	254.804
1070	106589.9025	217.026
1071	106609.8825	211.71
1072	105721.7175	201.77
1073	104661.5625	203.388
1074	115645.2075	151.815
1075	102568.5225	162.603
1076	108727.065	243.335
1077	115116.6825	165.243
1078	97453.8675	159.314
1079	104344.695	230.194
1080	109094.31	217.286
1081	107510.3775	246.339
1082	104744.52	244.06
1083	101470.86	205.309
1084	105756.5025	169.938
1085	101750.22	178.402
1086	97032.555	182.449
1087	102059.6625	191.809
1088	99397.2375	211.904
1089	112918.4325	216.35
1090	121214.115	218.891
1091	111195.855	197.726
1092	108477.5175	176.92
1093	101275.83	236.82
1094	104353.4925	200.387
1095	106256.79	214.042
1096	100420.335	185.998
1097	108407.655	209.193
1098	111378.78	192.418
1099	105197.7375	179.27
1100	107648.865	188.905
1101	96517.8	244.851
1102	113507.7975	182.192
1103	119389.2075	161.291
1104	121657.3425	239.533
1105	115069.23	186.451
1106	111070.9125	182.145
1107	109759.9725	200.891
1108	118118.9025	243.412
1109	116581.905	200.074
1110	99510.66	270
1111	110916.1125	170.428
1112	116269.245	255.529
1113	107452.5525	228.918
1114	111787.8075	202.639
1115	104586.03	145.347
1116	89011.6875	135.092
1117	92383.5375	184.047
1118	100500.885	318.319
1119	97648.605	132.318
1120	102857.7375	142.104
1121	102281.805	267.265
1122	110200.2975	214.214
1123	105974.3925	193.816
1124	103879.7325	245.731
1125	108323.28	199.855
1126	106111.71	221.711
1127	106277.9625	238.406
1128	108295.7175	203.702
1129	97898.67	161.385
1130	102682.125	157.583
1131	96487.1775	214.838
1132	97752.285	269.638
1133	106870.5675	222.406
1134	108701.2125	190.595
1135	115722.72	166.448
1136	106312.2975	284.07
1137	114226.7175	185.397
1138	112191.1875	195.57
1139	115263.1125	241.82
1140	117821.2725	154.203
1141	112411.89	154.964
1142	104491.8675	181.924
1143	104247.3375	197.474
1144	104584.455	193.504
1145	112889.205	218.284
1146	118604.655	178.208
1147	124514.7075	187.533
1148	111143.745	211.166
1149	107745.7725	153.859
1150	83145.9375	283.601
1151	94440.105	212.212
1152	94649.535	183.487
1153	85429.305	200.336
1154	92492.1225	169.696
1155	95689.845	188.078
1156	95393.4075	179.498
1157	101339.1	263.562
1158	101302.6725	162.953
1159	101845.395	167.424
1160	112900.6125	141.556
1161	103191.4125	187.766
1162	103096.8675	224.136
1163	102932.955	302.76
1164	99217.8675	233.816
1165	106153.9875	233.128
1166	110197.305	249.488
1167	107486.5725	193.707
1168	104246.2575	196.438
1169	99588.87	240.918
1170	109497.555	140.975
1171	103515.0975	217.447
1172	96678.8325	146.979
1173	101383.0425	180.429
1174	103660.785	247.575
1175	96528.06	213.827
1176	102400.7625	211.39
1177	102943.2375	316.667
1178	105292.125	176.484
1179	105376.6575	103.681
1180	98448.525	218.999
1181	97754.0175	176.225
1182	97470.8325	179.008
1183	96788.1375	214.812
1184	97266.33	220.205
1185	101948.6925	171.981
1186	96977.7	176.309
1187	101013.48	173.97
1188	14122.935	231.475
1189	100712.16	199.272
1190	91678.68	252.19
1191	93545.7975	246.297
1192	93738.735	176.922
1193	99879.255	207.709
1194	96552.0675	149.119
1195	103856.9625	174.727
1196	100428.93	361.651
1197	101212.0425	195.833
1198	94427.2125	159.244
1199	99604.7325	191.341
1200	96159.8925	185.208
1201	99565.2	218.169
1202	95613.6825	189.118
1203	92744.415	223.737
1204	97081.425	226.2
1205	102546.81	171.287
1206	101121.21	212.143
1207	99789.9525	215.304
1208	99422.235	168.118
1209	97334.28	201.679
1210	99033.6825	182.2
1211	88626.6675	147.108
1212	90134.37	178.482
1213	98404.6725	144.61
1214	87826.4325	253.947
1215	76204.3725	192.084
1216	95399.1	189.768
1217	83761.29	189.721
1218	78574.1175	145.642
1219	95780.0025	152.874
1220	97567.2	178.398
1221	106223.805	177.3
1222	96086.2275	173.374
1223	94532.0175	170.85
1224	93713.715	203.109
1225	96435.945	131.704
1226	98844.39	156.372
1227	104814.3825	137.936
1228	107106.975	180.366
1229	98644.635	157.032
1230	99238.23	237.51
1231	90123.48	137.243
1232	102718.8225	191.201
1233	89083.935	151.383
1234	100401.6825	138.445
1235	104327.8875	114.894
1236	102729.9375	231.776
1237	98385.2775	177.017
1238	102119.5125	199.744
1239	98635.5675	161.409
1240	97920.27	195.155
1241	104937.3	144.571
1242	106300.26	196.291
1243	95765.1975	139.1
1244	93463.335	130.561
1245	104788.755	130.176
1246	108899.775	135.128
1247	104808.915	165.484
1248	96181.0425	134.314
1249	104548.2075	146.028
1250	102920.22	161.886
1251	103703.9175	163.804
1252	92431.1925	132.337
1253	89551.4625	149.239
1254	99875.79	186.598
1255	100735.2225	182.774
1256	96305.085	235.011
1257	103091.2875	209.816
1258	101007.4725	150.425
1259	101692.0575	114.37
1260	101878.605	197.116
1261	99829.3725	145.305
1262	97079.355	202.339
1263	95294.9475	169.381
1264	92722.7475	135.859
1265	97974.99	137.63
1266	95694.345	174.432
1267	99391.4775	234.123
1268	97831.35	178.326
1269	93272.1975	120.72
1270	96202.035	163.929
1271	91233.495	153.117
1272	96021.3375	135.985
1273	92947.9725	155.26
1274	91347.7725	227.198
1275	98832.8475	126.471
1276	95949.4275	168.675
1277	94996.4175	157.783
1278	98055.1575	151.924
1279	98952.975	166.739
1280	98802.1575	183.075
1281	96299.3025	158.66
1282	96731.865	149.219
1283	98127.09	130.386
1284	100029.96	189.8
1285	93750.975	165.795
1286	98385.885	151.114
1287	88032.51	150.37
1288	95776.0875	182.4
1289	88468.965	142.892
1290	99215.01	187.52
1291	96034.7925	183.061
1292	97871.31	148.162
1293	85403.0025	155.767
1294	95433.435	139.869
1295	93907.7775	122.704
1296	95117.67	163.011
1297	93187.8675	187.278
1298	99832.725	146.21
1299	94469.4	136.453
1300	93458.79	187.36
1301	92338.4475	162.932
1302	87541.8075	155.986
1303	103039.92	146.022
1304	93249.5175	198.867
1305	92124.18	216.666
1306	88767.405	176.498
1307	89531.955	163.633
1308	89493.84	130.301
1309	91507.59	140.834
1310	86349.6675	139.479
1311	91054.4625	169.451
1312	94778.7975	191.148
1313	88477.3575	177.131
1314	90908.055	158.837
1315	86648.67	168.997
1316	88670.655	159.488
1317	89514.6975	153.962
1318	91085.805	168.534
1319	93841.29	134.74
1320	89797.7025	171.41
1321	89675.8875	188.116
1322	84606.0075	199.464
1323	89932.68	163.546
1324	83082.2175	147.983
1325	88092.3825	145.474
1326	86978.025	140.393
1327	92850.4125	186.833
1328	88737.9525	152.211
1329	96599.07	148.087
1330	97753.6575	148.488
1331	94544.0775	158.952
1332	97045.785	119.288
1333	95710.1175	133.015
1334	95905.755	196.379
1335	96863.04	142.566
1336	107847.27	161.11
1337	110803.23	186.438
1338	110278.6875	161.672
1339	100417.995	155.733
1340	88357.9725	160.064
1341	101094.12	137.784
1342	98693.595	196.493
1343	95346.18	162.359
1344	95083.47	138.039
1345	94912.7175	184.179
1346	91587.015	166.123
1347	91557.1575	183.199
1348	88670.745	183.385
1349	96982.0875	129.015
1350	92460.78	171.687
1351	97832.0925	175.338
1352	97433.955	138.495
1353	90782.145	141.105
1354	94951.395	177.404
1355	96591.24	178.337
1356	99166.095	163.49
1357	102269.5875	130.459
1358	95211.36	153.908
1359	88962.8175	130.213
1360	88412.1525	129.367
1361	84409.515	176.027
1362	80001.45	150.325
1363	99880.785	196.977
1364	88747.9875	136.933
1365	97970.2875	219.475
1366	90039.915	118.308
1367	93704.31	152.814
1368	92878.245	140.696
1369	100849.635	177.453
1370	91523.2275	160.691
1371	91875.465	175.317
1372	111097.4175	171.062
1373	98209.2825	151.719
1374	94334.04	135.191
1375	85454.1	155.656
1376	87828.975	163.436
1377	90331.6725	147.285
1378	97655.76	187.648
1379	97009.4925	201.191
1380	94086.0225	170.239
1381	98099.5275	145.751
1382	105049.35	198.725
1383	108312.885	156.395
1384	84333.465	243.567
1385	84930.5025	169.609
1386	87954.6825	157.721
1387	95395.185	147.369
1388	100569.96	163.716
1389	99820.7775	176.015
1390	98216.235	127.132
1391	94392.045	148.607
1392	100184.625	183.275
1393	94258.395	145.286
1394	100290.15	136.435
1395	100621.7325	147.815
1396	98058.06	151.218
1397	101453.8725	132.039
1398	95881.41	142.032
1399	96044.535	168.202
1400	98383.8825	118.947
1401	106474.455	154.688
1402	115611.0975	139.224
1403	133738.0425	238.447
1404	115841.5875	207.81
1405	112325.6025	125.57
1406	111627.2025	327.015
1407	111675.7125	209.908
1408	113142.3525	271.427
1409	107503.9875	173.848
1410	112288.59	156.547
1411	103094.1	147.395
1412	110224.845	129.944
1413	94117.0275	159.172
1414	104150.4525	230.268
1415	102187.1475	187.406
1416	104561.4825	171.868
1417	101887.785	147.835
1418	95834.2725	182.742
1419	110954.6325	152.133
1420	21854.7675	137.372
1421	85124.385	120.178
1422	83319.9525	125.937
1423	85342.905	173.776
1424	83270.79	156.246
1425	86264.2125	170.194
1426	85889.205	202.515
1427	88406.82	136.396
1428	77235.4125	184.456
1429	85168.26	173.636
1430	85895.0325	247.2
1431	98940.6675	157.55
1432	87253.605	152.353
1433	83938.2525	205.738
1434	86772.5775	213.674
1435	95879.4525	163.797
1436	94179.0375	194.177
1437	87778.575	152.541
1438	94143.1275	147.816
1439	96549.075	153.062
1440	117105.84	142.365
1441	96305.6475	158.824
1442	96821.1225	234.928
1443	95667.9975	151.204
1444	39517.0425	138.123
1445	89528.7825	223.386
1446	91277.0775	158.427
1447	97467.9525	196.55
1448	107643.1725	170.739
1449	92213.64	190.281
1450	89433.315	167.326
1451	102119.9625	155.152
1452	79108.6725	145.632
1453	82704.2175	190.718
1454	82184.9175	156.424
1455	96192.3375	134.241
1456	97028.8875	170.267
1457	111751.47	148.384
1458	109622.295	206.654
1459	95129.235	135.209
1460	92064.0375	144.03
1461	87358.3875	162.454
1462	86438.025	136.474
1463	95444.0775	179.997
1464	95817.555	148.193
1465	97233.6825	196.901
1466	95356.845	207.568
1467	97712.37	157.306
1468	103026.2175	152.662
1469	101275.4475	166.032
1470	96670.35	173.328
1471	97828.83	187.969
1472	99765.9675	136.297
1473	90580.05	212.29
1474	96719.625	220.826
1475	97246.1025	158.131
1476	90538.29	125.714
1477	97677.45	219.453
1478	96057.81	220.267
1479	95616	178.457
1480	104724.18	148.616
1481	111203.7075	206.8
1482	109821.915	144.761
1483	101220.975	195.343
1484	103203.81	161.574
1485	91447.65	161.837
1486	105703.3575	134.332
1487	106298.685	178
1488	105256.7775	283.517
1489	104236.695	194.881
1490	97640.0325	174.592
1491	101664.0675	124.142
1492	96419.16	169.097
1493	90473.0625	153.652
1494	93112.0425	176.784
1495	89662.32	178.611
1496	96361.1775	185.099
1497	96927.7725	183.624
1498	99866.9925	129.666
1499	102140.8875	182.727
1500	101709.27	206.023
1501	102326.895	221.13
1502	115410.1275	180.876
1503	96172.02	161.15
1504	100556.6175	146.852
1505	98811.09	182.397
1506	90207.54	153.945
1507	94317.39	141.966
1508	94886.235	201.96
1509	97816.1625	224.16
1510	94222.3275	180.285
1511	97827.03	178.464
1512	96971.985	154.518
1513	82333.575	161.294
1514	95993.37	163.27
1515	93216.375	192.534
1516	100672.0875	272.395
1517	89992.5075	144.17
1518	96436.2375	159.505
1519	96831.99	135.256
1520	96392.6325	157.885
1521	96520.41	173.252
1522	84840.795	158.174
1523	96883.65	236.441
1524	91398.15	161.938
1525	87488.7075	197.974
1526	97512.84	174.406
1527	92873.295	242.188
1528	89069.265	190.435
1529	96454.935	149.684
1530	93782.8125	155.035
1531	95803.3575	221.332
1532	94580.865	165.833
1533	88460.3475	197.72
1534	88046.7525	144.856
1535	95126.715	157.044
1536	99469.9125	207.645
1537	95613.255	163.27
1538	94928.2875	132.561
1539	99583.7625	194.222
1540	94606.5825	155.81
1541	92350.7325	148.287
1542	99038.16	144.665
1543	118437.345	160.227
1544	98042.6475	149.873
1545	120903.165	153.747
1546	114787.9125	166.722
1547	118406.9475	198.014
1548	111987.945	143.514
1549	107239.2525	210.86
1550	107420.49	210.318
1551	107529.9525	196.454
1552	94046.8725	181.303
1553	94046.535	193.394
1554	99388.98	267.251
1555	97528.005	195.429
1556	99942.5475	182.199
1557	99473.445	158.607
1558	95482.71	162.101
1559	101368.395	153.328
1560	114606.5175	206.782
1561	96384.2175	137.454
1562	101591.6625	170.467
1563	98956.8675	169.708
1564	97011.2025	159.617
1565	98178.3	180.367
1566	101450.0025	223.01
1567	89939.565	155.209
1568	87399.675	144.858
1569	90175.68	159.34
1570	92110.6125	156.84
1571	94849.02	220.939
1572	90350.775	170.818
1573	80829.6975	181.799
1574	89232.75	399.227
1575	98658.6075	182.151
1576	89711.3475	174.295
1577	93962.8125	171.784
1578	98486.3025	150.594
1579	99147.78	140.932
1580	99029.43	182.378
1581	100432.53	152.434
1582	95808.1275	179.718
1583	103260.24	191.345
1584	91367.28	154.32
1585	89119.2825	176.917
1586	84249.8775	177.89
1587	86040.225	163.278
1588	83550.0375	148.87
1589	95133.0375	165.067
1590	81688.1625	215.568
1591	96015.645	157.958
1592	89418.1275	240.554
1593	86170.5	156.966
1594	92420.64	160.924
1595	96401.6325	152.255
1596	103434.3675	153.166
1597	93666.69	221.053
1598	93921.3675	154.977
1599	99063.225	182.414
1600	96847.02	170.506
1601	97211.6325	157.265
1602	97565.49	154.67
1603	94382.19	174.185
1604	95020.8075	143.352
1605	90114.1875	166.43
1606	88903.35	160.782
1607	94012.38	149.299
1608	96411.8025	130.977
1609	92340.3825	185.693
1610	106825.86	183.776
1611	106041.3975	160.027
1612	96954.93	146.758
1613	97409.115	209.297
1614	105284.5425	147.201
1615	101600.145	153.556
1616	106711.4925	191.814
1617	107716.185	127.103
1618	107635.725	149.92
1619	108944.7525	244.292
1620	105413.3325	188.741
1621	106315.8525	167.112
1622	105930.2925	138.733
1623	105883.1325	169.397
1624	102211.695	167.491
1625	105785.775	196.444
1626	101759.0625	181.124
1627	108962.82	178.643
1628	107280.855	235.051
1629	100941.0525	166.92
1630	101630.5425	191.399
1631	108929.0925	176.338
1632	104361.12	209.796
1633	101912.22	248.495
1634	100367.1	167.742
1635	109193.58	197.953
1636	116514.4725	178.724
1637	105245.3925	157.311
1638	103322.52	158.486
1639	109066.95	300.683
1640	108075.915	183.019
1641	106010.3475	179.877
1642	109380.06	183.683
1643	93573.9	191.495
1644	105023.9475	185.516
1645	100933.65	222.043
1646	100704.105	225.825
1647	110733.345	170.056
1648	110112.5025	174.164
1649	104870.43	182.677
1650	104454.2025	144.988
1651	107470.2375	184.979
1652	108844.65	195.881
1653	110421.9	162.645
1654	103272.93	232.614
1655	114761.43	147.65
1656	114248.295	179.248
1657	106843.68	182.514
1658	116550.7425	238.675
1659	107636.1975	209.579
1660	104884.2	161.731
1661	111637.665	211.311
1662	113329.845	182.965
1663	110907.6975	231.302
1664	107392.2975	139.794
1665	106360.29	191.601
1666	111475.845	202.678
1667	110678.9625	175.882
1668	111284.505	176.677
1669	108229.7025	204.541
1670	112906.0125	223.145
1671	109731.8925	184.194
1672	114804.18	230.143
1673	102988.2375	144.633
1674	116984.745	175.071
1675	112649.535	238.939
1676	111539.295	181.235
1677	106572.87	163.516
1678	114629.7825	169.486
1679	112104.6075	204.589
1680	112976.505	209.971
1681	116029.0125	240.087
1682	118594.035	237.789
1683	127710.09	163.817
1684	120873.06	195.729
1685	107915.0175	169.448
1686	106247.3175	177.276
1687	114379.8525	195.853
1688	116849.925	249.036
1689	114594.48	176.895
1690	107920.5975	183.07
1691	117037.4625	192.358
1692	113635.8	179.147
1693	130012.0875	271.848
1694	107588.925	180.226
1695	109038.5775	173.874
1696	107554.6575	247.125
1697	104876.8875	167.473
1698	102137.7375	172.815
1699	101709.2925	161.066
1700	99982.44	234.981
1701	109495.485	176.917
1702	98550.315	229.471
1703	107345.3625	184.562
1704	84205.1475	181.474
1705	90594.54	237.064
1706	90975.69	192.935
1707	99899.5725	183.593
1708	102067.47	191.976
1709	100801.035	144.54
1710	100243.2825	195.903
1711	108797.445	169.397
1712	107169.5475	190.793
1713	95720.895	136.876
1714	96034.41	180.4
1715	112153.9275	197.166
1716	121740.3675	189.713
1717	115043.1525	150.84
1718	105199.875	188.965
1719	100541.115	205.012
1720	104593.725	211.846
1721	102611.25	192.738
1722	89840.745	159.724
1723	114802.1325	167.262
1724	107494.155	206.553
1725	101602.08	181.04
1726	103976.1675	165.955
1727	104787.0225	172.48
1728	94099.32	188.323
1729	108422.235	211.22
1730	109428.5925	174.99
1731	89539.2675	176.145
1732	108289.9575	200.258
1733	100352.43	178.54
1734	103517.9325	245.457
1735	106164.0225	183.638
1736	98367.9525	227.549
1737	99538.965	172.751
1738	104990.625	295.595
1739	106839.945	200.829
1740	96578.91	165.188
1741	106770.1725	158.18
1742	108671.895	258.682
1743	110890.3725	182.992
1744	116501.6025	223.992
1745	115790.22	158.207
1746	110478.465	216.783
1747	104753.925	147.226
1748	104299.3125	190.357
1749	105009.7725	174.964
1750	98420.805	149.123
1751	108541.935	221.893
1752	97858.665	257.998
1753	105830.3475	237.925
1754	112228.875	208.628
1755	98212.455	154.979
1756	104612.445	189.924
1757	97780.455	163.779
1758	99026.82	163.855
1759	96193.845	181.226
1760	101399.9175	216.201
1761	111135.3975	258.071
1762	97448.9625	181.006
1763	93088.8675	177.517
1764	97981.8525	245.9
1765	91889.2575	190.804
1766	94624.0875	138.696
1767	99372.645	150.81
1768	102749.2425	208.137
1769	95394.015	149.666
1770	110225.7675	203.248
1771	105264.225	216.92
1772	98863.4925	196.386
1773	106566.3675	177.782
1774	110925	229.847
1775	109956.3525	138.624
1776	108232.1775	177.588
1777	97424.7975	214.032
1778	96613.6275	198.635
1779	93178.8	166.916
1780	116821.44	191.453
1781	110802.8475	174.436
1782	108621.36	171.44
1783	109054.44	184.384
1784	110335.14	232.846
1785	104325.795	180.039
1786	104071.4325	198.703
1787	101590.2	227.73
1788	95143.455	186.254
1789	85505.76	284.328
1790	106610.85	190.383
1791	96379.245	199.458
1792	102878.0775	278.73
1793	108054.9675	238.705
1794	91392.345	172.041
1795	102101.805	201.753
1796	107868.285	193.685
1797	108014.76	169.252
1798	108851.22	174.924
1799	103388.805	218.348
1800	96228.4725	207.495
1801	106752.5325	214.463
1802	118055.97	167.141
1803	108988.155	153.054
1804	102387.6	213.078
1805	112773.8475	191.489
1806	110472.615	180.73
1807	112772.7225	196.787
1808	106950.24	188.016
1809	117095.9175	179.256
1810	127959.9525	172.17
1811	114494.2425	179.287
1812	116244.7425	169.815
1813	116836.11	182.972
1814	121106.79	194.38
1815	118776.0825	245.989
1816	110832.57	187.567
1817	113356.8	234.025
1818	109829.2725	222.296
1819	112389.6825	234.816
1820	103115.925	202.448
1821	113154.6825	249.26
1822	117515.4975	216.072
1823	131729.31	227.208
1824	116492.76	191.669
1825	120261.5325	178.603
1826	118338.075	214.083
1827	115660.845	299.206
1828	114543.2025	169.967
1829	124942.5	194.555
1830	121582.0125	155.723
1831	123599.79	190.023
1832	115953.3225	218.223
1833	123431.445	173.995
1834	123259.86	196.876
1835	118265.1075	205.797
1836	119314.35	194.654
1837	103794.255	314.335
1838	117847.3275	188.894
1839	115327.71	194.937
1840	130115.1375	193.203
1841	107131.14	230.433
1842	114331.6125	177.703
1843	114269.6025	213.404
1844	108081.045	236.751
1845	109852.8975	245.268
1846	114084.9	153.832
1847	113931.2925	239.467
1848	119116.0575	247.061
1849	116231.1525	185.385
1850	109082.9025	227.092
1851	109288.305	223.703
1852	117470.16	188.532
1853	114156.9675	190.443
1854	108792.045	180.059
1855	111956.22	181.055
1856	111006.8325	225.905
1857	105475.545	180.779
1858	104274.135	202.95
1859	110924.1225	185.69
1860	103944.465	160.548
1861	107884.62	174.554
1862	110339.4825	223.761
1863	80903.9475	178.176
1864	103719.7575	144.624
1865	105493.86	214.72
1866	99002.8125	205.583
1867	93746.5425	194.857
1868	101702.925	183.977
1869	105078.015	288.945
1870	99328.725	198.585
1871	100219.8825	196.952
1872	96701.31	225.66
1873	110880.135	160.051
1874	103920.03	185.397
1875	102141.27	143.553
1876	102575.16	186.461
1877	101993.49	239.156
1878	102257.3475	237.025
1879	104865.6375	180.106
1880	113038.785	252.246
1881	108690.0075	245.84
1882	113904.81	209.161
1883	114147.6525	187.213
1884	99068.6025	214.186
1885	97958.2725	193.822
1886	113022	208.922
1887	110562.3675	194.535
1888	103751.9775	298.336
1889	103326.39	288.961
1890	102502.5975	197.321
1891	100376.73	188.92
1892	108961.6275	161.793
1893	108213.7275	186.832
1894	108113.1075	201.64
1895	124196.445	141.4
1896	132734.2725	171.04
1897	119610.315	189.898
1898	116070.0075	211.655
1899	119492.1	184.738
1900	115468.9425	177.812
1901	110833.38	191.665
1902	110213.46	180.071
1903	114274.71	165.418
1904	118445.175	197.12
1905	109777.05	206.854
1906	118231.92	287.113
1907	115622.9775	232.646
1908	102280.86	185.654
1909	102281.895	179.107
1910	117538.92	182.827
1911	83865.5325	185.084
1912	110715.8175	207.663
1913	108555.21	211.743
1914	108267.6375	179.178
1915	109228.005	197.567
1916	109518.885	176.849
1917	107056.125	194.687
1918	104441.58	172.671
1919	113465.655	163.189
1920	105149.7225	199.682
1921	90256.4775	218.906
1922	118738.44	181.699
1923	107636.1975	185.808
1924	107706.69	200.293
1925	109647.405	180.145
1926	106611.03	234.473
1927	106931.6325	197.35
1928	106006.4775	221.303
1929	96598.935	155.945
1930	102042.6525	151.452
1931	103816.305	257.155
1932	107324.325	196.429
1933	107371.62	159.131
1934	105891.5025	199.878
1935	107746.1775	180.012
1936	98899.2	189.377
1937	99254.9475	202.222
1938	101765.79	227.166
1939	102488.7375	219.857
1940	110674.395	235.078
1941	107519.76	178.49
1942	106029.765	181.922
1943	105254.1	279.188
1944	110888.2125	210.014
1945	100971.3375	171.471
1946	102148.9875	218.655
1947	101590.065	179.55
1948	113827.9725	204.579
1949	104063.85	164.352
1950	101383.8975	196.133
1951	109074.8925	220.906
1952	107284.68	224.099
1953	113456.385	192.306
1954	105862.6125	177.125
1955	105390.945	181.828
1956	86384.0475	187.36
1957	104416.515	203.355
1958	105073.9425	168.058
1959	104081.31	180.539
1960	118170.45	179.564
1961	116515.08	188.162
1962	108534.105	272.676
1963	105966.6075	199.975
1964	97509.1725	204.561
1965	105454.7325	173.263
1966	110179.62	246.893
1967	106216.6725	277.555
1968	98968.3425	192.028
1969	103976.4825	202.781
1970	105147.315	175.41
1971	103233.5325	191.318
1972	96439.635	221.551
1973	96684.795	199.287
1974	96398.64	174.685
1975	101560.05	155.508
1976	97098.66	182.804
1977	96142.9275	282.683
1978	98759.1825	249.019
1979	94838.8275	207.952
1980	94841.415	184.498
1981	100790.7075	200.588
1982	105523.1325	220.416
1983	100378.6425	235.519
1984	97822.26	275.146
1985	101402.0325	196.608
1986	104105.34	191.86
1987	101546.055	174.053
1988	105204.825	186.843
1989	92318.6025	202.695
1990	120277.5525	229.679
1991	104684.9625	252.261
1992	107655.2775	198.858
1993	109286.955	219.502
1994	108226.1025	219.996
1995	103973.265	189.095
1996	104714.7075	264.146
1997	103230.27	160.415
1998	98356.9725	207.692
1999	99954.8775	199.758
2000	104822.6175	244.887
2001	100763.055	251.628
2002	99573.5475	199.242
2003	61362.3375	184.652
2004	96492.645	202.634
2005	95240.79	248.421
2006	92221.2675	212.328
2007	97459.02	218.188
2008	100409.6475	176.841
2009	105128.685	208.903
2010	108028.17	223.896
2011	116525.4975	227.94
2012	104384.475	205.926
2013	109085.3325	268.514
2014	96858.4725	201.467
2015	104286.555	172.42
2016	111673.9125	189.173
2017	110019.24	210.868
2018	96940.8	200.569
2019	101971.7775	223.612
2020	108099.63	148.971
2021	109139.625	175.141
2022	108990	181.438
2023	106530.93	240.25
2024	100405.8	153.246
2025	104074.8975	315.128
2026	106058.52	195.84
2027	110848.9725	186.469
2028	101521.26	186.613
2029	103646.205	157.192
2030	110412.765	223.154
2031	110178.4725	256.467
2032	108144.9675	174.982
2033	107523.6075	217.628
2034	103152.06	257.018
2035	111195.63	180.455
2036	104909.6925	235.806
2037	105608.565	231.12
2038	106047.4725	171.196
2039	104021.82	156.146
2040	104435.595	188.67
2041	105224.0625	165.974
2042	110153.4525	229.121
2043	111183.5475	225.294
2044	110269.1925	207.173
2045	109622.8125	177.328
2046	111877.3125	248.502
2047	111466.98	192.447
2048	113436.495	247.596
2049	109135.215	205.911
2050	107952.66	263.469
2051	110651.265	285.754
2052	107218.125	316.349
2053	121209.6375	185.164
2054	105019.785	222.052
2055	100485.2475	190.648
2056	97748.775	188.231
2057	64825.4025	217.025
2058	99363.8025	240.995
2059	96608.5875	183.573
2060	101808.7425	215.827
2061	101942.01	177.737
2062	104197.995	199.741
2063	96540.435	165.756
2064	93110.0625	222.156
2065	98067.555	189.726
2066	92665.7775	227.366
2067	94156.92	272.57
2068	92446.1775	174.739
2069	96129.5625	189.153
2070	90150.7275	149.49
2071	96609.78	218.496
2072	97620.885	182.032
2073	96361.3575	189.212
2074	92542.4325	246.392
2075	99602.5275	199.843
2076	96246.9225	228.712
2077	92812.41	157.793
2078	95842.665	243.533
2079	98479.17	211.209
2080	96131.4975	169.72
2081	100138.95	177.737
2082	104273.4375	181.721
2083	97239.015	185.946
2084	85303.4175	181.844
2085	96863.8725	218.324
2086	97536.015	212.743
2087	96221.3175	159.147
2088	91300.725	171.718
2089	98304.93	216.765
2090	95498.415	199.255
2091	100521.8325	190.336
2092	98828.0775	203.432
2093	97174.9125	205.801
2094	90076.725	256.592
2095	80501.3325	253.87
2096	84580.74	257.437
2097	87096.015	202.725
2098	86898.735	174.399
2099	87613.155	272.309
2100	88081.4025	354.275
2101	88726.815	205.738
2102	102959.865	240.045
2103	106248.0375	224.656
2104	102788.5275	184.318
2105	110661.615	204.634
2106	108562.545	204.81
2107	103132.0125	218.13
2108	106711.965	210.017
2109	109488.015	298.116
2110	96555.6225	394.328
2111	109937.3625	200.087
2112	108085.905	228.337
2113	109736.73	186.344
2114	109028.0925	206.107
2115	110507.1075	262.765
2116	102220.92	171.311
2117	102905.2125	218.359
2118	103125.645	227.117
2119	103829.04	203.636
2120	105484.6125	247.931
2121	108403.6275	191.565
2122	108767.565	269.341
2123	87978.3075	191.483
2124	107138.16	180.342
2125	102558.3975	227.275
2126	104568.7275	195.699
2127	103699.755	195.871
2128	103490.4375	218.363
2129	104472.405	262.504
2130	105792.435	205.053
2131	105192.18	241.106
2132	107077.8825	202.635
2133	104454.855	193.088
2134	95911.785	313.148
2135	100491.4125	255.326
2136	107825.2425	284.379
2137	108449.91	205.939
2138	106854.7275	213.833
2139	108742.2075	239.712
2140	103229.1225	215.238
2141	108814.41	242.354
2142	106120.08	211.833
2143	110493.7875	197.539
2144	102968.235	218.485
2145	102581.91	243.165
2146	106083.0675	304.064
2147	107355.78	245.946
2148	107123.76	232.661
2149	106407.0225	181.003
2150	100544.49	207.658
2151	106588.845	202.85
2152	95102.4825	226.463
2153	94521.3975	280.579
2154	100593.2475	197.386
2155	107510.04	218.597
2156	106529.715	216.204
2157	105353.0325	221.728
2158	99340.5825	191.066
2159	101979.3825	269.688
2160	100229.5575	177.59
2161	101536.6725	196.435
2162	100432.0125	214.49
2163	101260.98	189.565
2164	111518.28	201.304
2165	106870.2075	206.179
2166	109755.72	275.541
2167	96726.735	238.695
2168	99518.4	191.062
2169	110578.005	218.989
2170	108626.175	351.215
2171	103736.4975	227.418
2172	108682.9425	205.358
2173	106968.6225	266.2
2174	96963.6825	191.383
2175	100179.9675	210.158
2176	101181.735	195.722
2177	99046.8675	270.65
2178	102803.7825	246.469
2179	100831.95	215.991
2180	101157.66	190.391
2181	103004.3475	365.791
2182	93978.7875	297.329
2183	106024.9725	320.598
2184	110274.0075	312.502
2185	102107.0025	208.796
2186	105382.035	199.858
2187	99208.0125	281.116
2188	108354.06	174.962
2189	104615.1675	271.942
2190	100009.6875	239.063
2191	102051.4275	255.667
2192	100189.3725	260.548
2193	94822.2	318.04
2194	93509.3925	214.48
2195	97258.8375	162.586
2196	107235.6975	177.334
2197	106240.5	221.582
2198	103744.35	180.31
2199	114743.8575	142.834
2200	95054.9175	184.968
2201	102384.405	189.264
2202	114429.51	187.761
2203	101261.34	125.703
2204	97120.755	166.649
2205	97873.5375	142.887
2206	95610.9825	146.31
2207	97570.5525	212.174
2208	93034.7325	127.077
2209	101171.43	138.195
2210	103365.4725	137.653
2211	101648.8575	125.359
2212	94861.89	140.501
2213	92126.1825	182.727
2214	94910.22	147.308
2215	99718.8525	245.317
2216	93312.855	112.127
2217	95715.495	139.702
2218	103529.925	141.874
2219	98559.2025	133.792
2220	101784.2625	125.946
2221	101379.3975	137.497
2222	105097.05	127.733
2223	96311.835	123.794
2224	105314.085	144.466
2225	100798.515	250.417
2226	101777.1075	169.469
2227	104764.365	142.917
2228	105464.3175	146.642
2229	100667.1825	162.217
2230	104209.7175	142.514
2231	105716.4075	159.457
2232	88567.7175	203.028
2233	101331.7875	155.184
2234	100705.86	152.199
2235	99088.695	128.927
2236	103292.01	150.182
2237	98581.59	136.245
2238	96584.1525	130.873
2239	108621.6525	144.575
2240	101516.625	203.287
2241	100853.2125	130.813
2242	104220.5625	154.262
2243	104943.825	130.764
2244	110769.57	139.418
2245	89671.7925	148.627
2246	104971.095	175.127
2247	99769.8825	122.647
2248	104914.71	178.577
2249	97334.7525	195.562
2250	98646.435	141.225
2251	94132.575	157.239
2252	98723.205	160.559
2253	97274.5425	168.386
2254	90791.19	130.046
2255	111081.9375	184.91
2256	96339.0825	147.351
2257	94095.6075	163.608
2258	94126.77	173.638
2259	92322.1125	144.746
2260	101716.8075	142.034
2261	90476.7075	158.008
2262	97689.4875	171.905
2263	92721.465	130.442
2264	97854.4575	212.47
2265	105993.36	162.603
2266	104526.09	115.709
2267	89051.7825	137.012
2268	108478.935	169.147
2269	92596.41	171.756
2270	108364.23	135.302
2271	102135.5775	146.656
2272	110399.7375	147.952
2273	105057.09	115.238
2274	107035.605	135.19
2275	103046.67	154.209
2276	112954.905	117.718
2277	99457.4925	124.216
2278	107576.7525	128.817
2279	107723.8575	159.868
2280	112865.6475	202.315
2281	101208.51	142.481
2282	105240.735	151.46
2283	104681.475	193.778
2284	111890.07	194.107
2285	108005.4675	118.818
2286	107512.0875	141.559
2287	107678.8575	161.555
2288	106034.535	205.069
2289	108533.745	166.391
2290	105023.52	166.875
2291	98367.525	137.964
2292	106953.1875	131.865
2293	107308.485	280.863
2294	105452.2575	177.068
2295	106976.4075	140.547
2296	107572.185	151.929
2297	110652.57	137.495
2298	103055.8725	154.49
2299	93272.6475	144.797
2300	109347.0075	170.182
2301	107189.3475	159.522
2302	105948.6975	142.124
2303	106309.215	188.008
2304	110654.6625	187.073
2305	106393.455	162.348
2306	100481.1525	157.003
2307	101309.8725	133.691
2308	89453.8125	146.849
2309	111500.775	165.848
2310	110674.755	169.62
2311	111541.77	180.822
2312	109114.695	165.807
2313	101183.9175	146.431
2314	106467.39	163.505
2315	108415.4175	143.425
2316	103059.8775	189.658
2317	105289.155	229.7
2318	107732.9925	142.878
2319	130111.695	182.267
2320	106924.2975	143.675
2321	109693.1475	142.207
2322	114571.0125	159.922
2323	114264.36	202.277
2324	110362.05	180.405
2325	104251.2525	167.066
2326	99646.965	147.429
2327	100063.7325	178.118
2328	95527.6875	205.857
2329	96344.1225	208.921
2330	98422.245	136.296
2331	90125.2125	117.756
2332	91248.66	164.379
2333	95052.6675	177.047
2334	94569.1425	144.634
2335	104376.3975	226.182
2336	102860.9775	168.779
2337	107893.1475	223.578
2338	106434.585	183.86
2339	100750.86	178.14
2340	106774.65	144.392
2341	111690.945	186.389
2342	107235.135	214
2343	107909.46	123.085
2344	105243.0075	151.214
2345	95546.52	125.068
2346	105024.51	159.002
2347	102640.4325	162.034
2348	105322.7025	138.278
2349	139504.7925	244.578
2350	109413.18	149.887
2351	76093.6725	83.591
2352	111590.6625	125.718
2353	111056.805	85.196
2354	111319.65	95.866
2355	117864.1575	72.476
2356	119931.2325	82.321
2357	116742.6675	114.459
2358	122126.85	86.654
2359	121340.79	114.489
2360	107725.7925	119.96
2361	113750.55	91.22
2362	118850.7825	111.287
2363	115720.1325	91.947
2364	112331.0925	115.556
2365	109249.3125	104.465
2366	113192.2125	91.898
2367	110579.2425	107.468
2368	120262.905	101.995
2369	103682.745	141.383
2370	110434.0725	104.826
2371	110408.85	82.227
2372	124132.815	78.284
2373	124353.9225	93.362
2374	121965.075	127.41
2375	126274.23	113.118
2376	121247.0325	107.909
2377	133424.055	112.214
2378	129346.74	127.031
2379	104515.5375	111.995
2380	118845	125.329
2381	121163.13	125.016
2382	101234.34	145.482
2383	99922.905	88.542
2384	115434.2025	86.145
2385	130455.81	108.326
2386	123411.06	130.565
2387	125745.57	106.478
2388	116921.9475	99.284
2389	115123.9275	137.94
2390	114855.3675	130.579
2391	121043.34	125.409
2392	116786.1375	126.212
2393	122061.8925	120.149
2394	117497.565	101.152
2395	115576.335	149.924
2396	118425.9825	110.025
2397	116607.8025	96.088
2398	120138.3225	115.639
2399	110504.295	211.01
2400	112580.3475	116.833
2401	103370.76	122.352
2402	103188.1275	124.585
2403	109478.9925	100.569
2404	109991.6775	135.556
2405	107478.7425	166.01
2406	114934.6125	129.05
2407	118160.325	146.888
2408	122682.5325	167.006
2409	118016.2575	128.346
2410	130832.3475	167.941
2411	119667.1275	188.762
2412	117959.3775	112.417
2413	117797.4225	133.916
2414	126997.4475	132.025
2415	122234.9175	128.004
2416	122400.765	134.608
2417	119036.4525	111.051
2418	120258.2025	155.619
2419	122211.4725	183.274
2420	118402.0425	182.767
2421	119692.395	193.418
2422	129832.695	142.307
2423	125017.29	147.034
2424	112217.175	116.258
2425	119054.07	132.755
2426	112958.46	213.996
2427	102066.93	177.337
2428	97978.23	128.023
2429	102431.835	252.859
2430	110554.515	133.456
2431	99254.16	143.599
2432	118758.8025	210.221
2433	110960.6625	139.917
2434	116540.9325	166.989
2435	111385.53	162.619
2436	110326.095	201.286
2437	121673.3625	196.144
2438	122513.805	151.141
2439	127126.35	132.234
2440	101866.9725	192.42
2441	123715.89	215.393
2442	107015.76	140.703
2443	119247.0525	131.84
2444	127356.885	178.045
2445	121637.9475	135.499
2446	115843.0725	137.839
2447	118695.8925	212.93
2448	120201.075	151.238
2449	135195.705	154.985
2450	128212.1325	147.927
2451	131882.445	169.024
2452	124123.0725	172.149
2453	132183.5625	180.662
2454	124954.8075	160.44
2455	126770.76	168.669
2456	118396.1475	173.903
2457	113311.2825	205.405
2458	113519.0925	163.911
2459	106362.4275	139.761
2460	93065.6475	125.887
2461	128875.86	177.029
2462	114140.9925	150.643
2463	117467.5275	128.409
2464	122152.86	148.952
2465	113550.975	144.185
2466	109979.0325	137.263
2467	117167.715	172.347
2468	104280.3	141.157
2469	124116.6375	163.436
2470	133173.855	141.807
2471	132813.1125	141.765
2472	118581.165	167.46
2473	106515.3375	134.038
2474	119098.575	138.901
2475	114169.14	222.158
2476	117633.9375	148.695
2477	117195.0975	182.134
2478	110023.5825	180.245
2479	104181.9525	157.082
2480	106683.4125	125.475
2481	106091.7075	195.92
2482	99571.5675	154.176
2483	94464.225	194.338
2484	80929.5975	154.877
2485	99509.1075	164.922
2486	97130.61	171.269
2487	86078.4075	185.822
2488	86513.0625	179.085
2489	85038.435	211.723
2490	85742.1	119.232
2491	97672.4775	208.671
2492	100132.605	228.018
2493	94372.5825	189.721
2494	91107.2025	178.464
2495	91137.96	155.447
2496	84937.59	120.232
2497	103727.835	176.538
2498	93123.9675	151.827
2499	97115.7825	136.564
2500	103045.23	152.533
2501	93716.4375	239.91
2502	93779.2125	137.561
2503	107827.83	161.575
2504	101150.64	170.712
2505	100714.545	215.776
2506	99826.2	157.179
2507	83022.165	129.775
2508	84611.7225	183.109
2509	93880.5525	169.296
2510	105081.7725	251.38
2511	89269.9425	141.87
2512	89322.2775	142.535
2513	92301.75	161.585
2514	92584.3725	138.43
2515	89845.245	134.817
2516	81515.4525	186.108
2517	98374.635	203.202
2518	95420.745	153.231
2519	91652.085	260.829
2520	98066.79	180.477
2521	80176.2075	163.448
2522	100013.31	141.84
2523	99241.4475	153.249
2524	96936.21	131.228
2525	99045.99	141.476
2526	98242.2	131.195
2527	90355.6575	192.265
2528	88127.5275	148.079
2529	85193.865	143.703
2530	98117.4375	193.805
2531	98334.6975	103.456
2532	88392.1725	196.72
2533	79187.0175	162.274
2534	89398.7325	110.832
2535	89332.02	207.987
2536	80520.93	128.33
2537	88885.1925	134.641
2538	92856.06	155.054
2539	103463.9775	130.537
2540	108129.3975	191.099
2541	88099.4025	160.269
2542	87438.8475	255.649
2543	110970.8775	151.443
2544	106594.515	150.93
2545	103558.7025	156.031
2546	102742.56	229.207
2547	87603.7725	209.287
2548	93804.2325	146.39
2549	95868.405	240.182
2550	91611.45	210.236
2551	88642.9575	137.033
2552	86372.145	145.33
2553	91851.48	169.633
2554	91226.88	138.562
2555	100480.4325	156.06
2556	84085.9425	143.816
2557	104690.5875	152.925
2558	113722.65	186.427
2559	112578.0075	208.352
2560	105610.365	192.941
2561	105020.4375	143.483
2562	123038.5275	245.746
2563	91634.5125	126.582
2564	98934.3	179.205
2565	100776.42	159.312
2566	89952.12	148.807
2567	105847.515	150.028
2568	103412.6325	230.639
2569	99416.88	163.081
2570	102922.1325	134.278
2571	96681.645	133.95
2572	93042.7425	213.415
2573	105976.08	159.875
2574	95909.8725	146.589
2575	102635.55	130.699
2576	90968.94	162.356
2577	95946.93	207.706
2578	101097.72	138.845
2579	98926.83	186.559
2580	94751.4825	152.261
2581	92412.585	160.572
2582	91498.5225	147.053
2583	94991.5575	130.972
2584	90434.475	137.414
2585	86755.365	187.216
2586	90707.805	134.585
2587	90214.2675	158.829
2588	94234.5225	156.174
2589	97567.0425	205.534
2590	88809.5025	123.092
2591	93824.595	222.913
2592	98283.645	159.129
2593	99839.1375	195.108
2594	105935.175	170.25
2595	102263.5125	189.376
2596	94586.4	149.365
2597	96223.9275	173.363
2598	100161.9	150.317
2599	98841.735	149.749
2600	101366.0775	150.97
2601	102008.34	132.925
2602	99600.7275	195.333
2603	88310.6775	188.686
2604	97502.1975	179.213
2605	106955.19	176.199
2606	103293.6525	169.963
2607	92966.3775	249.556
2608	93958.2225	253.718
2609	97531.605	182.414
2610	45039.3525	167.282
2611	98959.995	168.141
2612	105412.9275	200.604
2613	91709.1	189.204
2614	99398.4075	88.563
2615	95001.4575	96.691
2616	108952.785	106.025
2617	90857.925	92.815
2618	93661.065	48.274
2619	92216.61	140.716
2620	91041.345	97.223
2621	95479.8975	87.458
2622	94834.1475	127.551
2623	91339.1775	126.344
2624	84955.4325	96.891
2625	97790.67	134.732