5	0.63011	0.1	8.25966E-4	1.5	0.01871	4.3	0.17667
4.9	0.46226	0.10021	8.27879E-4	1.5014	0.01875	4.30065	0.17687
4.8	0.38127	0.10042	8.29796E-4	1.50279	0.01878	4.3013	0.17707
4.7	0.31767	0.10063	8.31719E-4	1.50419	0.01881	4.30195	0.17727
4.6	0.27453	0.10084	8.33645E-4	1.50559	0.01885	4.3026	0.17747
4.5	0.23974	0.10105	8.35576E-4	1.50699	0.01888	4.30325	0.17768
4.4	0.21507	0.10126	8.37512E-4	1.5084	0.01891	4.3039	0.17788
4.3	0.19353	0.10147	8.39452E-4	1.5098	0.01895	4.30455	0.17808
4.2	0.17531	0.10168	8.41396E-4	1.51121	0.01898	4.3052	0.17828
4.1	0.16016	0.10189	8.43345E-4	1.51261	0.01902	4.30585	0.17848
4	0.14682	0.1021	8.45299E-4	1.51402	0.01905	4.3065	0.17868
3.9	0.13459	0.10232	8.47257E-4	1.51543	0.01908	4.30715	0.17889
3.8	0.12378	0.10253	8.49219E-4	1.51684	0.01912	4.3078	0.17909
3.7	0.11433	0.10274	8.51187E-4	1.51825	0.01915	4.30845	0.17929
3.6	0.10548	0.10296	8.53158E-4	1.51967	0.01919	4.3091	0.1795
3.5	0.09805	0.10317	8.55134E-4	1.52108	0.01922	4.30975	0.1797
3.4	0.0912	0.10339	8.57115E-4	1.5225	0.01925	4.3104	0.1799
3.3	0.08453	0.1036	8.59101E-4	1.52392	0.01929	4.31105	0.18011
3.2	0.07843	0.10382	8.61091E-4	1.52533	0.01932	4.3117	0.18031
3.1	0.07304	0.10403	8.63085E-4	1.52675	0.01936	4.31235	0.18051
3	0.06777	0.10425	8.65085E-4	1.52818	0.01939	4.313	0.18072
2.9	0.06304	0.10447	8.67089E-4	1.5296	0.01943	4.31365	0.18092
2.8	0.05879	0.10469	8.69097E-4	1.53102	0.01946	4.31431	0.18113
2.7	0.05473	0.1049	8.7111E-4	1.53245	0.0195	4.31496	0.18133
2.6	0.05077	0.10512	8.73128E-4	1.53387	0.01953	4.31561	0.18154
2.5	0.04721	0.10534	8.75151E-4	1.5353	0.01957	4.31626	0.18175
2.4	0.04381	0.10556	8.77178E-4	1.53673	0.0196	4.31691	0.18195
2.3	0.0407	0.10578	8.7921E-4	1.53816	0.01963	4.31756	0.18216
2.2	0.03765	0.106	8.81246E-4	1.53959	0.01967	4.31822	0.18236
2.1	0.0348	0.10622	8.83288E-4	1.54103	0.01971	4.31887	0.18257
2	0.0321	0.10644	8.85334E-4	1.54246	0.01974	4.31952	0.18278
1.9	0.02943	0.10667	8.87384E-4	1.5439	0.01978	4.32017	0.18298
1.8	0.02708	0.10689	8.8944E-4	1.54533	0.01981	4.32082	0.18319
1.7	0.02472	0.10711	8.915E-4	1.54677	0.01985	4.32148	0.1834
1.6	0.02249	0.10733	8.93565E-4	1.54821	0.01988	4.32213	0.18361
1.5	0.02044	0.10756	8.95635E-4	1.54965	0.01992	4.32278	0.18382
1.4	0.01849	0.10778	8.9771E-4	1.5511	0.01995	4.32343	0.18402
1.3	0.01668	0.10801	8.99789E-4	1.55254	0.01999	4.32409	0.18423
1.2	0.01488	0.10823	9.01873E-4	1.55399	0.02002	4.32474	0.18444
1.1	0.0132	0.10846	9.03963E-4	1.55543	0.02006	4.32539	0.18465
1	0.01158	0.10868	9.06056E-4	1.55688	0.02009	4.32605	0.18486
0.9	0.0101	0.10891	9.08155E-4	1.55833	0.02013	4.3267	0.18507
0.8	0.00866	0.10914	9.10259E-4	1.55978	0.02017	4.32735	0.18528
0.7	0.00731	0.10936	9.12367E-4	1.56123	0.0202	4.32801	0.18549
0.6	0.00605	0.10959	9.14481E-4	1.56269	0.02024	4.32866	0.1857
0.5	0.00485	0.10982	9.16599E-4	1.56414	0.02027	4.32931	0.18591
0.4	0.00375	0.11005	9.18722E-4	1.5656	0.02031	4.32997	0.18612
0.3	0.00271	0.11028	9.2085E-4	1.56705	0.02035	4.33062	0.18633
0.2	0.00176	0.11051	9.22984E-4	1.56851	0.02038	4.33127	0.18654
0.1	8.58E-4	0.11074	9.25122E-4	1.56997	0.02042	4.33193	0.18675
0	5.61082E-9	0.11097	9.27264E-4	1.57143	0.02046	4.33258	0.18697
		0.1112	9.29412E-4	1.5729	0.02049	4.33324	0.18718
		0.11143	9.31565E-4	1.57436	0.02053	4.33389	0.18739
		0.11166	9.33723E-4	1.57583	0.02057	4.33454	0.1876
		0.1119	9.35886E-4	1.57729	0.0206	4.3352	0.18781
		0.11213	9.38054E-4	1.57876	0.02064	4.33585	0.18803
		0.11236	9.40227E-4	1.58023	0.02068	4.33651	0.18824
		0.1126	9.42405E-4	1.5817	0.02071	4.33716	0.18845
		0.11283	9.44588E-4	1.58317	0.02075	4.33782	0.18867
		0.11307	9.46776E-4	1.58465	0.02079	4.33847	0.18888
		0.1133	9.48969E-4	1.58612	0.02082	4.33913	0.18909
		0.11354	9.51167E-4	1.5876	0.02086	4.33978	0.18931
		0.11378	9.5337E-4	1.58908	0.0209	4.34044	0.18952
		0.11401	9.55579E-4	1.59056	0.02094	4.34109	0.18974
		0.11425	9.57792E-4	1.59204	0.02097	4.34175	0.18995
		0.11449	9.60011E-4	1.59352	0.02101	4.3424	0.19017
		0.11473	9.62235E-4	1.595	0.02105	4.34306	0.19038
		0.11497	9.64463E-4	1.59649	0.02108	4.34372	0.1906
		0.11521	9.66698E-4	1.59797	0.02112	4.34437	0.19082
		0.11545	9.68937E-4	1.59946	0.02116	4.34503	0.19103
		0.11569	9.71181E-4	1.60095	0.0212	4.34568	0.19125
		0.11593	9.73431E-4	1.60244	0.02124	4.34634	0.19147
		0.11617	9.75686E-4	1.60393	0.02127	4.347	0.19168
		0.11641	9.77946E-4	1.60543	0.02131	4.34765	0.1919
		0.11665	9.80211E-4	1.60692	0.02135	4.34831	0.19212
		0.1169	9.82482E-4	1.60842	0.02139	4.34897	0.19233
		0.11714	9.84757E-4	1.60991	0.02143	4.34962	0.19255
		0.11738	9.87039E-4	1.61141	0.02146	4.35028	0.19277
		0.11763	9.89325E-4	1.61291	0.0215	4.35094	0.19299
		0.11787	9.91617E-4	1.61441	0.02154	4.35159	0.19321
		0.11812	9.93914E-4	1.61592	0.02158	4.35225	0.19343
		0.11837	9.96216E-4	1.61742	0.02162	4.35291	0.19365
		0.11861	9.98523E-4	1.61893	0.02166	4.35356	0.19387
		0.11886	0.001	1.62043	0.02169	4.35422	0.19408
		0.11911	0.001	1.62194	0.02173	4.35488	0.1943
		0.11935	0.00101	1.62345	0.02177	4.35554	0.19453
		0.1196	0.00101	1.62496	0.02181	4.35619	0.19475
		0.11985	0.00101	1.62648	0.02185	4.35685	0.19497
		0.1201	0.00101	1.62799	0.02189	4.35751	0.19519
		0.12035	0.00101	1.62951	0.02193	4.35817	0.19541
		0.1206	0.00102	1.63102	0.02197	4.35883	0.19563
		0.12085	0.00102	1.63254	0.02201	4.35948	0.19585
		0.12111	0.00102	1.63406	0.02205	4.36014	0.19607
		0.12136	0.00102	1.63558	0.02208	4.3608	0.1963
		0.12161	0.00103	1.6371	0.02212	4.36146	0.19652
		0.12187	0.00103	1.63863	0.02216	4.36212	0.19674
		0.12212	0.00103	1.64015	0.0222	4.36278	0.19696
		0.12237	0.00103	1.64168	0.02224	4.36343	0.19719
		0.12263	0.00104	1.64321	0.02228	4.36409	0.19741
		0.12288	0.00104	1.64474	0.02232	4.36475	0.19763
		0.12314	0.00104	1.64627	0.02236	4.36541	0.19786
		0.1234	0.00104	1.6478	0.0224	4.36607	0.19808
		0.12365	0.00105	1.64934	0.02244	4.36673	0.19831
		0.12391	0.00105	1.65087	0.02248	4.36739	0.19853
		0.12417	0.00105	1.65241	0.02252	4.36805	0.19876
		0.12443	0.00105	1.65395	0.02256	4.36871	0.19898
		0.12469	0.00106	1.65549	0.0226	4.36937	0.19921
		0.12495	0.00106	1.65703	0.02264	4.37003	0.19943
		0.12521	0.00106	1.65857	0.02268	4.37069	0.19966
		0.12547	0.00106	1.66011	0.02272	4.37135	0.19988
		0.12573	0.00107	1.66166	0.02276	4.37201	0.20011
		0.12599	0.00107	1.66321	0.0228	4.37267	0.20034
		0.12625	0.00107	1.66475	0.02284	4.37333	0.20057
		0.12652	0.00107	1.6663	0.02289	4.37399	0.20079
		0.12678	0.00108	1.66785	0.02293	4.37465	0.20102
		0.12705	0.00108	1.66941	0.02297	4.37531	0.20125
		0.12731	0.00108	1.67096	0.02301	4.37597	0.20148
		0.12758	0.00108	1.67252	0.02305	4.37663	0.2017
		0.12784	0.00109	1.67407	0.02309	4.37729	0.20193
		0.12811	0.00109	1.67563	0.02313	4.37795	0.20216
		0.12837	0.00109	1.67719	0.02317	4.37861	0.20239
		0.12864	0.00109	1.67875	0.02321	4.37927	0.20262
		0.12891	0.0011	1.68032	0.02326	4.37993	0.20285
		0.12918	0.0011	1.68188	0.0233	4.3806	0.20308
		0.12945	0.0011	1.68345	0.02334	4.38126	0.20331
		0.12972	0.0011	1.68501	0.02338	4.38192	0.20354
		0.12999	0.00111	1.68658	0.02342	4.38258	0.20377
		0.13026	0.00111	1.68815	0.02346	4.38324	0.204
		0.13053	0.00111	1.68972	0.02351	4.3839	0.20423
		0.1308	0.00111	1.6913	0.02355	4.38457	0.20446
		0.13107	0.00112	1.69287	0.02359	4.38523	0.2047
		0.13135	0.00112	1.69445	0.02363	4.38589	0.20493
		0.13162	0.00112	1.69602	0.02367	4.38655	0.20516
		0.1319	0.00112	1.6976	0.02372	4.38721	0.20539
		0.13217	0.00113	1.69918	0.02376	4.38788	0.20563
		0.13245	0.00113	1.70076	0.0238	4.38854	0.20586
		0.13272	0.00113	1.70235	0.02384	4.3892	0.20609
		0.133	0.00113	1.70393	0.02389	4.38986	0.20633
		0.13328	0.00114	1.70552	0.02393	4.39053	0.20656
		0.13355	0.00114	1.70711	0.02397	4.39119	0.20679
		0.13383	0.00114	1.7087	0.02401	4.39185	0.20703
		0.13411	0.00114	1.71029	0.02406	4.39252	0.20726
		0.13439	0.00115	1.71188	0.0241	4.39318	0.2075
		0.13467	0.00115	1.71347	0.02414	4.39384	0.20773
		0.13495	0.00115	1.71507	0.02418	4.39451	0.20797
		0.13523	0.00116	1.71666	0.02423	4.39517	0.2082
		0.13551	0.00116	1.71826	0.02427	4.39583	0.20844
		0.1358	0.00116	1.71986	0.02431	4.3965	0.20868
		0.13608	0.00116	1.72146	0.02436	4.39716	0.20891
		0.13636	0.00117	1.72306	0.0244	4.39783	0.20915
		0.13665	0.00117	1.72467	0.02444	4.39849	0.20939
		0.13693	0.00117	1.72627	0.02449	4.39915	0.20962
		0.13722	0.00117	1.72788	0.02453	4.39982	0.20986
		0.1375	0.00118	1.72949	0.02458	4.40048	0.2101
		0.13779	0.00118	1.7311	0.02462	4.40115	0.21034
		0.13808	0.00118	1.73271	0.02466	4.40181	0.21057
		0.13836	0.00118	1.73432	0.02471	4.40248	0.21081
		0.13865	0.00119	1.73594	0.02475	4.40314	0.21105
		0.13894	0.00119	1.73755	0.0248	4.4038	0.21129
		0.13923	0.00119	1.73917	0.02484	4.40447	0.21153
		0.13952	0.0012	1.74079	0.02488	4.40513	0.21177
		0.13981	0.0012	1.74241	0.02493	4.4058	0.21201
		0.1401	0.0012	1.74403	0.02497	4.40647	0.21225
		0.14039	0.0012	1.74566	0.02502	4.40713	0.21249
		0.14069	0.00121	1.74728	0.02506	4.4078	0.21273
		0.14098	0.00121	1.74891	0.02511	4.40846	0.21297
		0.14127	0.00121	1.75054	0.02515	4.40913	0.21321
		0.14157	0.00122	1.75217	0.0252	4.40979	0.21346
		0.14186	0.00122	1.7538	0.02524	4.41046	0.2137
		0.14216	0.00122	1.75543	0.02529	4.41112	0.21394
		0.14246	0.00122	1.75706	0.02533	4.41179	0.21418
		0.14275	0.00123	1.7587	0.02538	4.41246	0.21443
		0.14305	0.00123	1.76034	0.02542	4.41312	0.21467
		0.14335	0.00123	1.76198	0.02547	4.41379	0.21491
		0.14365	0.00124	1.76362	0.02551	4.41446	0.21515
		0.14395	0.00124	1.76526	0.02556	4.41512	0.2154
		0.14425	0.00124	1.7669	0.0256	4.41579	0.21564
		0.14455	0.00124	1.76855	0.02565	4.41646	0.21589
		0.14485	0.00125	1.77019	0.02569	4.41712	0.21613
		0.14515	0.00125	1.77184	0.02574	4.41779	0.21638
		0.14545	0.00125	1.77349	0.02579	4.41846	0.21662
		0.14575	0.00126	1.77514	0.02583	4.41912	0.21687
		0.14606	0.00126	1.77679	0.02588	4.41979	0.21711
		0.14636	0.00126	1.77845	0.02592	4.42046	0.21736
		0.14667	0.00126	1.7801	0.02597	4.42113	0.21761
		0.14697	0.00127	1.78176	0.02602	4.42179	0.21785
		0.14728	0.00127	1.78342	0.02606	4.42246	0.2181
		0.14759	0.00127	1.78508	0.02611	4.42313	0.21835
		0.14789	0.00128	1.78674	0.02616	4.4238	0.21859
		0.1482	0.00128	1.7884	0.0262	4.42446	0.21884
		0.14851	0.00128	1.79007	0.02625	4.42513	0.21909
		0.14882	0.00128	1.79173	0.0263	4.4258	0.21934
		0.14913	0.00129	1.7934	0.02634	4.42647	0.21959
		0.14944	0.00129	1.79507	0.02639	4.42714	0.21983
		0.14975	0.00129	1.79674	0.02644	4.4278	0.22008
		0.15006	0.0013	1.79842	0.02648	4.42847	0.22033
		0.15038	0.0013	1.80009	0.02653	4.42914	0.22058
		0.15069	0.0013	1.80177	0.02658	4.42981	0.22083
		0.151	0.00131	1.80344	0.02663	4.43048	0.22108
		0.15132	0.00131	1.80512	0.02667	4.43115	0.22133
		0.15163	0.00131	1.8068	0.02672	4.43182	0.22158
		0.15195	0.00132	1.80848	0.02677	4.43249	0.22184
		0.15227	0.00132	1.81017	0.02682	4.43316	0.22209
		0.15258	0.00132	1.81185	0.02686	4.43383	0.22234
		0.1529	0.00132	1.81354	0.02691	4.43449	0.22259
		0.15322	0.00133	1.81523	0.02696	4.43516	0.22284
		0.15354	0.00133	1.81692	0.02701	4.43583	0.2231
		0.15386	0.00133	1.81861	0.02706	4.4365	0.22335
		0.15418	0.00134	1.8203	0.02711	4.43717	0.2236
		0.1545	0.00134	1.822	0.02715	4.43784	0.22385
		0.15482	0.00134	1.82369	0.0272	4.43851	0.22411
		0.15515	0.00135	1.82539	0.02725	4.43918	0.22436
		0.15547	0.00135	1.82709	0.0273	4.43985	0.22462
		0.15579	0.00135	1.82879	0.02735	4.44052	0.22487
		0.15612	0.00136	1.83049	0.0274	4.44119	0.22513
		0.15644	0.00136	1.8322	0.02745	4.44187	0.22538
		0.15677	0.00136	1.8339	0.02749	4.44254	0.22564
		0.1571	0.00136	1.83561	0.02754	4.44321	0.22589
		0.15742	0.00137	1.83732	0.02759	4.44388	0.22615
		0.15775	0.00137	1.83903	0.02764	4.44455	0.2264
		0.15808	0.00137	1.84074	0.02769	4.44522	0.22666
		0.15841	0.00138	1.84245	0.02774	4.44589	0.22692
		0.15874	0.00138	1.84417	0.02779	4.44656	0.22717
		0.15907	0.00138	1.84589	0.02784	4.44723	0.22743
		0.1594	0.00139	1.8476	0.02789	4.4479	0.22769
		0.15973	0.00139	1.84932	0.02794	4.44858	0.22795
		0.16007	0.00139	1.85105	0.02799	4.44925	0.22821
		0.1604	0.0014	1.85277	0.02804	4.44992	0.22847
		0.16074	0.0014	1.85449	0.02809	4.45059	0.22872
		0.16107	0.0014	1.85622	0.02814	4.45126	0.22898
		0.16141	0.00141	1.85795	0.02819	4.45194	0.22924
		0.16174	0.00141	1.85968	0.02824	4.45261	0.2295
		0.16208	0.00141	1.86141	0.02829	4.45328	0.22976
		0.16242	0.00142	1.86314	0.02834	4.45395	0.23002
		0.16276	0.00142	1.86488	0.02839	4.45463	0.23028
		0.16309	0.00142	1.86661	0.02844	4.4553	0.23054
		0.16343	0.00143	1.86835	0.02849	4.45597	0.23081
		0.16377	0.00143	1.87009	0.02854	4.45664	0.23107
		0.16412	0.00143	1.87183	0.02859	4.45732	0.23133
		0.16446	0.00144	1.87357	0.02864	4.45799	0.23159
		0.1648	0.00144	1.87532	0.02869	4.45866	0.23185
		0.16514	0.00144	1.87706	0.02875	4.45934	0.23212
		0.16549	0.00145	1.87881	0.0288	4.46001	0.23238
		0.16583	0.00145	1.88056	0.02885	4.46068	0.23264
		0.16618	0.00145	1.88231	0.0289	4.46136	0.23291
		0.16652	0.00146	1.88406	0.02895	4.46203	0.23317
		0.16687	0.00146	1.88581	0.029	4.4627	0.23343
		0.16722	0.00146	1.88757	0.02906	4.46338	0.2337
		0.16757	0.00147	1.88933	0.02911	4.46405	0.23396
		0.16792	0.00147	1.89109	0.02916	4.46472	0.23423
		0.16827	0.00147	1.89285	0.02921	4.4654	0.23449
		0.16862	0.00148	1.89461	0.02926	4.46607	0.23476
		0.16897	0.00148	1.89637	0.02931	4.46675	0.23503
		0.16932	0.00148	1.89814	0.02937	4.46742	0.23529
		0.16967	0.00149	1.8999	0.02942	4.4681	0.23556
		0.17003	0.00149	1.90167	0.02947	4.46877	0.23583
		0.17038	0.00149	1.90344	0.02952	4.46945	0.23609
		0.17074	0.0015	1.90522	0.02958	4.47012	0.23636
		0.17109	0.0015	1.90699	0.02963	4.4708	0.23663
		0.17145	0.0015	1.90876	0.02968	4.47147	0.2369
		0.17181	0.00151	1.91054	0.02974	4.47215	0.23717
		0.17216	0.00151	1.91232	0.02979	4.47282	0.23743
		0.17252	0.00151	1.9141	0.02984	4.4735	0.2377
		0.17288	0.00152	1.91588	0.0299	4.47417	0.23797
		0.17324	0.00152	1.91766	0.02995	4.47485	0.23824
		0.1736	0.00152	1.91945	0.03	4.47552	0.23851
		0.17397	0.00153	1.92124	0.03006	4.4762	0.23878
		0.17433	0.00153	1.92303	0.03011	4.47687	0.23905
		0.17469	0.00154	1.92482	0.03016	4.47755	0.23932
		0.17505	0.00154	1.92661	0.03022	4.47823	0.2396
		0.17542	0.00154	1.9284	0.03027	4.4789	0.23987
		0.17579	0.00155	1.9302	0.03032	4.47958	0.24014
		0.17615	0.00155	1.93199	0.03038	4.48025	0.24041
		0.17652	0.00155	1.93379	0.03043	4.48093	0.24068
		0.17689	0.00156	1.93559	0.03049	4.48161	0.24096
		0.17725	0.00156	1.93739	0.03054	4.48228	0.24123
		0.17762	0.00156	1.9392	0.0306	4.48296	0.2415
		0.17799	0.00157	1.941	0.03065	4.48364	0.24178
		0.17837	0.00157	1.94281	0.0307	4.48432	0.24205
		0.17874	0.00158	1.94462	0.03076	4.48499	0.24232
		0.17911	0.00158	1.94643	0.03081	4.48567	0.2426
		0.17948	0.00158	1.94824	0.03087	4.48635	0.24287
		0.17986	0.00159	1.95005	0.03092	4.48702	0.24315
		0.18023	0.00159	1.95187	0.03098	4.4877	0.24342
		0.18061	0.00159	1.95369	0.03103	4.48838	0.2437
		0.18098	0.0016	1.9555	0.03109	4.48906	0.24398
		0.18136	0.0016	1.95732	0.03115	4.48973	0.24425
		0.18174	0.0016	1.95915	0.0312	4.49041	0.24453
		0.18212	0.00161	1.96097	0.03126	4.49109	0.24481
		0.1825	0.00161	1.9628	0.03131	4.49177	0.24508
		0.18288	0.00162	1.96462	0.03137	4.49245	0.24536
		0.18326	0.00162	1.96645	0.03142	4.49312	0.24564
		0.18364	0.00162	1.96828	0.03148	4.4938	0.24592
		0.18402	0.00163	1.97011	0.03154	4.49448	0.2462
		0.18441	0.00163	1.97195	0.03159	4.49516	0.24648
		0.18479	0.00163	1.97378	0.03165	4.49584	0.24676
		0.18517	0.00164	1.97562	0.0317	4.49652	0.24703
		0.18556	0.00164	1.97746	0.03176	4.4972	0.24731
		0.18595	0.00165	1.9793	0.03182	4.49788	0.24759
		0.18633	0.00165	1.98114	0.03187	4.49855	0.24788
		0.18672	0.00165	1.98299	0.03193	4.49923	0.24816
		0.18711	0.00166	1.98483	0.03199	4.49991	0.24844
		0.1875	0.00166	1.98668	0.03205	4.50059	0.24872
		0.18789	0.00167	1.98853	0.0321	4.50127	0.249
		0.18828	0.00167	1.99038	0.03216	4.50195	0.24928
		0.18868	0.00167	1.99224	0.03222	4.50263	0.24957
		0.18907	0.00168	1.99409	0.03227	4.50331	0.24985
		0.18946	0.00168	1.99595	0.03233	4.50399	0.25013
		0.18986	0.00168	1.9978	0.03239	4.50467	0.25042
		0.19025	0.00169	1.99966	0.03245	4.50535	0.2507
		0.19065	0.00169	2.00153	0.03251	4.50603	0.25098
		0.19105	0.0017	2.00339	0.03256	4.50671	0.25127
		0.19145	0.0017	2.00525	0.03262	4.50739	0.25155
		0.19184	0.0017	2.00712	0.03268	4.50807	0.25184
		0.19224	0.00171	2.00899	0.03274	4.50875	0.25212
		0.19265	0.00171	2.01086	0.0328	4.50943	0.25241
		0.19305	0.00172	2.01273	0.03285	4.51012	0.25269
		0.19345	0.00172	2.0146	0.03291	4.5108	0.25298
		0.19385	0.00172	2.01648	0.03297	4.51148	0.25327
		0.19426	0.00173	2.01836	0.03303	4.51216	0.25355
		0.19466	0.00173	2.02024	0.03309	4.51284	0.25384
		0.19507	0.00174	2.02212	0.03315	4.51352	0.25413
		0.19547	0.00174	2.024	0.03321	4.5142	0.25442
		0.19588	0.00174	2.02588	0.03327	4.51488	0.25471
		0.19629	0.00175	2.02777	0.03333	4.51557	0.25499
		0.1967	0.00175	2.02966	0.03339	4.51625	0.25528
		0.19711	0.00176	2.03155	0.03345	4.51693	0.25557
		0.19752	0.00176	2.03344	0.0335	4.51761	0.25586
		0.19793	0.00176	2.03533	0.03356	4.51829	0.25615
		0.19834	0.00177	2.03722	0.03362	4.51898	0.25644
		0.19875	0.00177	2.03912	0.03368	4.51966	0.25673
		0.19917	0.00178	2.04102	0.03374	4.52034	0.25702
		0.19958	0.00178	2.04292	0.0338	4.52102	0.25731
		0.2	0.00178	2.04482	0.03386	4.52171	0.25761
		0.20042	0.00179	2.04672	0.03393	4.52239	0.2579
		0.20083	0.00179	2.04863	0.03399	4.52307	0.25819
		0.20125	0.0018	2.05054	0.03405	4.52375	0.25848
		0.20167	0.0018	2.05245	0.03411	4.52444	0.25878
		0.20209	0.00181	2.05436	0.03417	4.52512	0.25907
		0.20251	0.00181	2.05627	0.03423	4.5258	0.25936
		0.20294	0.00181	2.05818	0.03429	4.52649	0.25966
		0.20336	0.00182	2.0601	0.03435	4.52717	0.25995
		0.20378	0.00182	2.06202	0.03441	4.52785	0.26025
		0.20421	0.00183	2.06394	0.03447	4.52854	0.26054
		0.20463	0.00183	2.06586	0.03454	4.52922	0.26084
		0.20506	0.00183	2.06778	0.0346	4.52991	0.26113
		0.20549	0.00184	2.06971	0.03466	4.53059	0.26143
		0.20591	0.00184	2.07163	0.03472	4.53127	0.26172
		0.20634	0.00185	2.07356	0.03478	4.53196	0.26202
		0.20677	0.00185	2.07549	0.03484	4.53264	0.26232
		0.2072	0.00186	2.07742	0.03491	4.53333	0.26261
		0.20764	0.00186	2.07936	0.03497	4.53401	0.26291
		0.20807	0.00186	2.08129	0.03503	4.53469	0.26321
		0.2085	0.00187	2.08323	0.03509	4.53538	0.26351
		0.20894	0.00187	2.08517	0.03516	4.53606	0.26381
		0.20937	0.00188	2.08711	0.03522	4.53675	0.26411
		0.20981	0.00188	2.08905	0.03528	4.53743	0.26441
		0.21025	0.00189	2.091	0.03534	4.53812	0.2647
		0.21068	0.00189	2.09294	0.03541	4.5388	0.265
		0.21112	0.0019	2.09489	0.03547	4.53949	0.2653
		0.21156	0.0019	2.09684	0.03553	4.54018	0.26561
		0.212	0.0019	2.0988	0.0356	4.54086	0.26591
		0.21244	0.00191	2.10075	0.03566	4.54155	0.26621
		0.21289	0.00191	2.1027	0.03572	4.54223	0.26651
		0.21333	0.00192	2.10466	0.03579	4.54292	0.26681
		0.21378	0.00192	2.10662	0.03585	4.5436	0.26711
		0.21422	0.00193	2.10858	0.03592	4.54429	0.26742
		0.21467	0.00193	2.11055	0.03598	4.54498	0.26772
		0.21511	0.00194	2.11251	0.03604	4.54566	0.26802
		0.21556	0.00194	2.11448	0.03611	4.54635	0.26833
		0.21601	0.00194	2.11644	0.03617	4.54703	0.26863
		0.21646	0.00195	2.11841	0.03624	4.54772	0.26894
		0.21691	0.00195	2.12039	0.0363	4.54841	0.26924
		0.21737	0.00196	2.12236	0.03637	4.54909	0.26955
		0.21782	0.00196	2.12434	0.03643	4.54978	0.26985
		0.21827	0.00197	2.12631	0.0365	4.55047	0.27016
		0.21873	0.00197	2.12829	0.03656	4.55116	0.27046
		0.21918	0.00198	2.13027	0.03663	4.55184	0.27077
		0.21964	0.00198	2.13226	0.03669	4.55253	0.27108
		0.2201	0.00199	2.13424	0.03676	4.55322	0.27138
		0.22056	0.00199	2.13623	0.03682	4.5539	0.27169
		0.22101	0.00199	2.13822	0.03689	4.55459	0.272
		0.22148	0.002	2.14021	0.03695	4.55528	0.27231
		0.22194	0.002	2.1422	0.03702	4.55597	0.27262
		0.2224	0.00201	2.1442	0.03709	4.55666	0.27292
		0.22286	0.00201	2.14619	0.03715	4.55734	0.27323
		0.22333	0.00202	2.14819	0.03722	4.55803	0.27354
		0.22379	0.00202	2.15019	0.03728	4.55872	0.27385
		0.22426	0.00203	2.15219	0.03735	4.55941	0.27416
		0.22473	0.00203	2.15419	0.03742	4.5601	0.27447
		0.22519	0.00204	2.1562	0.03748	4.56079	0.27478
		0.22566	0.00204	2.15821	0.03755	4.56147	0.2751
		0.22613	0.00205	2.16022	0.03762	4.56216	0.27541
		0.22661	0.00205	2.16223	0.03768	4.56285	0.27572
		0.22708	0.00206	2.16424	0.03775	4.56354	0.27603
		0.22755	0.00206	2.16625	0.03782	4.56423	0.27635
		0.22802	0.00206	2.16827	0.03789	4.56492	0.27666
		0.2285	0.00207	2.17029	0.03795	4.56561	0.27697
		0.22898	0.00207	2.17231	0.03802	4.5663	0.27729
		0.22945	0.00208	2.17433	0.03809	4.56699	0.2776
		0.22993	0.00208	2.17636	0.03816	4.56768	0.27791
		0.23041	0.00209	2.17838	0.03823	4.56837	0.27823
		0.23089	0.00209	2.18041	0.03829	4.56906	0.27854
		0.23137	0.0021	2.18244	0.03836	4.56975	0.27886
		0.23185	0.0021	2.18447	0.03843	4.57044	0.27918
		0.23234	0.00211	2.1865	0.0385	4.57113	0.27949
		0.23282	0.00211	2.18854	0.03857	4.57182	0.27981
		0.23331	0.00212	2.19058	0.03864	4.57251	0.28013
		0.23379	0.00212	2.19262	0.03871	4.5732	0.28044
		0.23428	0.00213	2.19466	0.03877	4.57389	0.28076
		0.23477	0.00213	2.1967	0.03884	4.57458	0.28108
		0.23526	0.00214	2.19875	0.03891	4.57527	0.2814
		0.23575	0.00214	2.20079	0.03898	4.57596	0.28172
		0.23624	0.00215	2.20284	0.03905	4.57665	0.28204
		0.23673	0.00215	2.20489	0.03912	4.57734	0.28236
		0.23722	0.00216	2.20694	0.03919	4.57803	0.28268
		0.23772	0.00216	2.209	0.03926	4.57872	0.283
		0.23821	0.00217	2.21105	0.03933	4.57941	0.28332
		0.23871	0.00217	2.21311	0.0394	4.58011	0.28364
		0.23921	0.00218	2.21517	0.03947	4.5808	0.28396
		0.23971	0.00218	2.21724	0.03954	4.58149	0.28428
		0.2402	0.00219	2.2193	0.03961	4.58218	0.2846
		0.24071	0.00219	2.22137	0.03968	4.58287	0.28493
		0.24121	0.0022	2.22343	0.03975	4.58356	0.28525
		0.24171	0.0022	2.2255	0.03982	4.58426	0.28557
		0.24221	0.00221	2.22757	0.0399	4.58495	0.2859
		0.24272	0.00221	2.22965	0.03997	4.58564	0.28622
		0.24322	0.00222	2.23172	0.04004	4.58633	0.28654
		0.24373	0.00222	2.2338	0.04011	4.58703	0.28687
		0.24424	0.00223	2.23588	0.04018	4.58772	0.28719
		0.24475	0.00223	2.23796	0.04025	4.58841	0.28752
		0.24526	0.00224	2.24005	0.04032	4.5891	0.28785
		0.24577	0.00224	2.24213	0.0404	4.5898	0.28817
		0.24628	0.00225	2.24422	0.04047	4.59049	0.2885
		0.24679	0.00225	2.24631	0.04054	4.59118	0.28883
		0.24731	0.00226	2.2484	0.04061	4.59188	0.28915
		0.24782	0.00227	2.25049	0.04068	4.59257	0.28948
		0.24834	0.00227	2.25259	0.04076	4.59326	0.28981
		0.24886	0.00228	2.25468	0.04083	4.59396	0.29014
		0.24938	0.00228	2.25678	0.0409	4.59465	0.29047
		0.24989	0.00229	2.25888	0.04098	4.59534	0.29079
		0.25042	0.00229	2.26099	0.04105	4.59604	0.29112
		0.25094	0.0023	2.26309	0.04112	4.59673	0.29145
		0.25146	0.0023	2.2652	0.0412	4.59743	0.29178
		0.25198	0.00231	2.26731	0.04127	4.59812	0.29211
		0.25251	0.00231	2.26942	0.04134	4.59881	0.29245
		0.25304	0.00232	2.27153	0.04142	4.59951	0.29278
		0.25356	0.00232	2.27364	0.04149	4.6002	0.29311
		0.25409	0.00233	2.27576	0.04156	4.6009	0.29344
		0.25462	0.00233	2.27788	0.04164	4.60159	0.29377
		0.25515	0.00234	2.28	0.04171	4.60229	0.29411
		0.25568	0.00234	2.28212	0.04179	4.60298	0.29444
		0.25622	0.00235	2.28425	0.04186	4.60368	0.29477
		0.25675	0.00236	2.28637	0.04194	4.60437	0.29511
		0.25728	0.00236	2.2885	0.04201	4.60507	0.29544
		0.25782	0.00237	2.29063	0.04209	4.60576	0.29578
		0.25836	0.00237	2.29276	0.04216	4.60646	0.29611
		0.2589	0.00238	2.2949	0.04224	4.60715	0.29645
		0.25944	0.00238	2.29703	0.04231	4.60785	0.29678
		0.25998	0.00239	2.29917	0.04239	4.60854	0.29712
		0.26052	0.00239	2.30131	0.04246	4.60924	0.29746
		0.26106	0.0024	2.30345	0.04254	4.60994	0.29779
		0.2616	0.00241	2.3056	0.04261	4.61063	0.29813
		0.26215	0.00241	2.30775	0.04269	4.61133	0.29847
		0.2627	0.00242	2.30989	0.04277	4.61202	0.29881
		0.26324	0.00242	2.31204	0.04284	4.61272	0.29915
		0.26379	0.00243	2.3142	0.04292	4.61342	0.29948
		0.26434	0.00243	2.31635	0.04299	4.61411	0.29982
		0.26489	0.00244	2.31851	0.04307	4.61481	0.30016
		0.26544	0.00244	2.32067	0.04315	4.61551	0.3005
		0.266	0.00245	2.32283	0.04322	4.6162	0.30084
		0.26655	0.00246	2.32499	0.0433	4.6169	0.30119
		0.26711	0.00246	2.32715	0.04338	4.6176	0.30153
		0.26766	0.00247	2.32932	0.04346	4.6183	0.30187
		0.26822	0.00247	2.33149	0.04353	4.61899	0.30221
		0.26878	0.00248	2.33366	0.04361	4.61969	0.30255
		0.26934	0.00248	2.33583	0.04369	4.62039	0.3029
		0.2699	0.00249	2.338	0.04377	4.62109	0.30324
		0.27046	0.0025	2.34018	0.04385	4.62178	0.30358
		0.27103	0.0025	2.34236	0.04392	4.62248	0.30393
		0.27159	0.00251	2.34454	0.044	4.62318	0.30427
		0.27216	0.00251	2.34672	0.04408	4.62388	0.30462
		0.27273	0.00252	2.34891	0.04416	4.62457	0.30496
		0.27329	0.00253	2.35109	0.04424	4.62527	0.30531
		0.27386	0.00253	2.35328	0.04432	4.62597	0.30565
		0.27443	0.00254	2.35547	0.0444	4.62667	0.306
		0.27501	0.00254	2.35767	0.04447	4.62737	0.30635
		0.27558	0.00255	2.35986	0.04455	4.62807	0.30669
		0.27615	0.00255	2.36206	0.04463	4.62877	0.30704
		0.27673	0.00256	2.36426	0.04471	4.62946	0.30739
		0.2773	0.00257	2.36646	0.04479	4.63016	0.30774
		0.27788	0.00257	2.36866	0.04487	4.63086	0.30809
		0.27846	0.00258	2.37086	0.04495	4.63156	0.30843
		0.27904	0.00258	2.37307	0.04503	4.63226	0.30878
		0.27962	0.00259	2.37528	0.04511	4.63296	0.30913
		0.28021	0.0026	2.37749	0.04519	4.63366	0.30948
		0.28079	0.0026	2.3797	0.04527	4.63436	0.30983
		0.28137	0.00261	2.38192	0.04535	4.63506	0.31019
		0.28196	0.00261	2.38414	0.04544	4.63576	0.31054
		0.28255	0.00262	2.38636	0.04552	4.63646	0.31089
		0.28314	0.00263	2.38858	0.0456	4.63716	0.31124
		0.28373	0.00263	2.3908	0.04568	4.63786	0.31159
		0.28432	0.00264	2.39303	0.04576	4.63856	0.31195
		0.28491	0.00264	2.39526	0.04584	4.63926	0.3123
		0.2855	0.00265	2.39748	0.04592	4.63996	0.31265
		0.2861	0.00266	2.39972	0.04601	4.64066	0.31301
		0.2867	0.00266	2.40195	0.04609	4.64136	0.31336
		0.28729	0.00267	2.40419	0.04617	4.64206	0.31372
		0.28789	0.00268	2.40642	0.04625	4.64276	0.31407
		0.28849	0.00268	2.40866	0.04633	4.64346	0.31443
		0.28909	0.00269	2.41091	0.04642	4.64417	0.31479
		0.28969	0.00269	2.41315	0.0465	4.64487	0.31514
		0.2903	0.0027	2.4154	0.04658	4.64557	0.3155
		0.2909	0.00271	2.41765	0.04667	4.64627	0.31586
		0.29151	0.00271	2.4199	0.04675	4.64697	0.31622
		0.29212	0.00272	2.42215	0.04683	4.64767	0.31657
		0.29273	0.00273	2.4244	0.04692	4.64837	0.31693
		0.29334	0.00273	2.42666	0.047	4.64908	0.31729
		0.29395	0.00274	2.42892	0.04708	4.64978	0.31765
		0.29456	0.00274	2.43118	0.04717	4.65048	0.31801
		0.29517	0.00275	2.43344	0.04725	4.65118	0.31837
		0.29579	0.00276	2.43571	0.04734	4.65188	0.31873
		0.2964	0.00276	2.43798	0.04742	4.65259	0.31909
		0.29702	0.00277	2.44025	0.0475	4.65329	0.31946
		0.29764	0.00278	2.44252	0.04759	4.65399	0.31982
		0.29826	0.00278	2.44479	0.04767	4.65469	0.32018
		0.29888	0.00279	2.44707	0.04776	4.6554	0.32054
		0.29951	0.0028	2.44935	0.04784	4.6561	0.32091
		0.30013	0.0028	2.45163	0.04793	4.6568	0.32127
		0.30075	0.00281	2.45391	0.04801	4.65751	0.32163
		0.30138	0.00282	2.45619	0.0481	4.65821	0.322
		0.30201	0.00282	2.45848	0.04819	4.65891	0.32236
		0.30264	0.00283	2.46077	0.04827	4.65962	0.32273
		0.30327	0.00283	2.46306	0.04836	4.66032	0.32309
		0.3039	0.00284	2.46535	0.04844	4.66102	0.32346
		0.30453	0.00285	2.46765	0.04853	4.66173	0.32383
		0.30517	0.00285	2.46994	0.04862	4.66243	0.32419
		0.30581	0.00286	2.47224	0.0487	4.66314	0.32456
		0.30644	0.00287	2.47454	0.04879	4.66384	0.32493
		0.30708	0.00287	2.47685	0.04888	4.66454	0.3253
		0.30772	0.00288	2.47915	0.04897	4.66525	0.32567
		0.30836	0.00289	2.48146	0.04905	4.66595	0.32603
		0.309	0.00289	2.48377	0.04914	4.66666	0.3264
		0.30965	0.0029	2.48608	0.04923	4.66736	0.32677
		0.31029	0.00291	2.4884	0.04932	4.66807	0.32714
		0.31094	0.00291	2.49071	0.0494	4.66877	0.32752
		0.31159	0.00292	2.49303	0.04949	4.66948	0.32789
		0.31224	0.00293	2.49535	0.04958	4.67018	0.32826
		0.31289	0.00294	2.49768	0.04967	4.67089	0.32863
		0.31354	0.00294	2.5	0.04976	4.67159	0.329
		0.31419	0.00295	2.50233	0.04985	4.6723	0.32938
		0.31485	0.00296	2.50466	0.04993	4.673	0.32975
		0.3155	0.00296	2.50699	0.05002	4.67371	0.33012
		0.31616	0.00297	2.50932	0.05011	4.67441	0.3305
		0.31682	0.00298	2.51166	0.0502	4.67512	0.33087
		0.31748	0.00298	2.514	0.05029	4.67582	0.33125
		0.31814	0.00299	2.51634	0.05038	4.67653	0.33162
		0.3188	0.003	2.51868	0.05047	4.67724	0.332
		0.31947	0.003	2.52102	0.05056	4.67794	0.33237
		0.32013	0.00301	2.52337	0.05065	4.67865	0.33275
		0.3208	0.00302	2.52572	0.05074	4.67936	0.33313
		0.32147	0.00302	2.52807	0.05083	4.68006	0.3335
		0.32214	0.00303	2.53042	0.05092	4.68077	0.33388
		0.32281	0.00304	2.53278	0.05101	4.68148	0.33426
		0.32348	0.00305	2.53514	0.0511	4.68218	0.33464
		0.32416	0.00305	2.5375	0.05119	4.68289	0.33502
		0.32483	0.00306	2.53986	0.05129	4.6836	0.3354
		0.32551	0.00307	2.54222	0.05138	4.6843	0.33578
		0.32619	0.00307	2.54459	0.05147	4.68501	0.33616
		0.32687	0.00308	2.54696	0.05156	4.68572	0.33654
		0.32755	0.00309	2.54933	0.05165	4.68643	0.33692
		0.32823	0.0031	2.5517	0.05174	4.68713	0.3373
		0.32892	0.0031	2.55408	0.05184	4.68784	0.33768
		0.3296	0.00311	2.55646	0.05193	4.68855	0.33807
		0.33029	0.00312	2.55884	0.05202	4.68926	0.33845
		0.33098	0.00312	2.56122	0.05211	4.68996	0.33883
		0.33167	0.00313	2.5636	0.05221	4.69067	0.33922
		0.33236	0.00314	2.56599	0.0523	4.69138	0.3396
		0.33305	0.00315	2.56838	0.05239	4.69209	0.33999
		0.33374	0.00315	2.57077	0.05249	4.6928	0.34037
		0.33444	0.00316	2.57316	0.05258	4.69351	0.34076
		0.33514	0.00317	2.57556	0.05267	4.69421	0.34114
		0.33583	0.00318	2.57796	0.05277	4.69492	0.34153
		0.33653	0.00318	2.58036	0.05286	4.69563	0.34192
		0.33723	0.00319	2.58276	0.05296	4.69634	0.34231
		0.33794	0.0032	2.58516	0.05305	4.69705	0.34269
		0.33864	0.0032	2.58757	0.05315	4.69776	0.34308
		0.33935	0.00321	2.58998	0.05324	4.69847	0.34347
		0.34005	0.00322	2.59239	0.05334	4.69918	0.34386
		0.34076	0.00323	2.5948	0.05343	4.69989	0.34425
		0.34147	0.00323	2.59722	0.05353	4.7006	0.34464
		0.34218	0.00324	2.59963	0.05362	4.70131	0.34503
		0.3429	0.00325	2.60205	0.05372	4.70202	0.34542
		0.34361	0.00326	2.60448	0.05381	4.70273	0.34581
		0.34433	0.00326	2.6069	0.05391	4.70344	0.3462
		0.34505	0.00327	2.60933	0.054	4.70415	0.3466
		0.34576	0.00328	2.61176	0.0541	4.70486	0.34699
		0.34648	0.00329	2.61419	0.0542	4.70557	0.34738
		0.34721	0.00329	2.61662	0.05429	4.70628	0.34778
		0.34793	0.0033	2.61906	0.05439	4.70699	0.34817
		0.34866	0.00331	2.6215	0.05449	4.7077	0.34856
		0.34938	0.00332	2.62394	0.05459	4.70841	0.34896
		0.35011	0.00333	2.62638	0.05468	4.70912	0.34936
		0.35084	0.00333	2.62882	0.05478	4.70983	0.34975
		0.35157	0.00334	2.63127	0.05488	4.71054	0.35015
		0.3523	0.00335	2.63372	0.05498	4.71125	0.35054
		0.35304	0.00336	2.63617	0.05507	4.71197	0.35094
		0.35377	0.00336	2.63863	0.05517	4.71268	0.35134
		0.35451	0.00337	2.64108	0.05527	4.71339	0.35174
		0.35525	0.00338	2.64354	0.05537	4.7141	0.35214
		0.35599	0.00339	2.646	0.05547	4.71481	0.35254
		0.35673	0.0034	2.64846	0.05557	4.71552	0.35293
		0.35747	0.0034	2.65093	0.05567	4.71624	0.35333
		0.35822	0.00341	2.6534	0.05576	4.71695	0.35373
		0.35897	0.00342	2.65587	0.05586	4.71766	0.35414
		0.35971	0.00343	2.65834	0.05596	4.71837	0.35454
		0.36046	0.00344	2.66081	0.05606	4.71908	0.35494
		0.36121	0.00344	2.66329	0.05616	4.7198	0.35534
		0.36197	0.00345	2.66577	0.05626	4.72051	0.35574
		0.36272	0.00346	2.66825	0.05636	4.72122	0.35615
		0.36348	0.00347	2.67074	0.05646	4.72194	0.35655
		0.36423	0.00348	2.67322	0.05656	4.72265	0.35695
		0.36499	0.00348	2.67571	0.05667	4.72336	0.35736
		0.36575	0.00349	2.6782	0.05677	4.72407	0.35776
		0.36652	0.0035	2.6807	0.05687	4.72479	0.35817
		0.36728	0.00351	2.68319	0.05697	4.7255	0.35858
		0.36804	0.00352	2.68569	0.05707	4.72621	0.35898
		0.36881	0.00352	2.68819	0.05717	4.72693	0.35939
		0.36958	0.00353	2.69069	0.05727	4.72764	0.3598
		0.37035	0.00354	2.6932	0.05738	4.72836	0.3602
		0.37112	0.00355	2.6957	0.05748	4.72907	0.36061
		0.37189	0.00356	2.69821	0.05758	4.72978	0.36102
		0.37267	0.00356	2.70072	0.05768	4.7305	0.36143
		0.37345	0.00357	2.70324	0.05779	4.73121	0.36184
		0.37422	0.00358	2.70575	0.05789	4.73193	0.36225
		0.375	0.00359	2.70827	0.05799	4.73264	0.36266
		0.37579	0.0036	2.71079	0.0581	4.73336	0.36307
		0.37657	0.00361	2.71332	0.0582	4.73407	0.36348
		0.37735	0.00361	2.71584	0.0583	4.73479	0.36389
		0.37814	0.00362	2.71837	0.05841	4.7355	0.36431
		0.37893	0.00363	2.7209	0.05851	4.73622	0.36472
		0.37972	0.00364	2.72344	0.05862	4.73693	0.36513
		0.38051	0.00365	2.72597	0.05872	4.73765	0.36555
		0.3813	0.00366	2.72851	0.05883	4.73836	0.36596
		0.3821	0.00367	2.73105	0.05893	4.73908	0.36637
		0.38289	0.00367	2.73359	0.05904	4.73979	0.36679
		0.38369	0.00368	2.73614	0.05914	4.74051	0.36721
		0.38449	0.00369	2.73868	0.05925	4.74122	0.36762
		0.38529	0.0037	2.74123	0.05935	4.74194	0.36804
		0.38609	0.00371	2.74378	0.05946	4.74265	0.36846
		0.3869	0.00372	2.74634	0.05956	4.74337	0.36887
		0.3877	0.00372	2.74889	0.05967	4.74409	0.36929
		0.38851	0.00373	2.75145	0.05978	4.7448	0.36971
		0.38932	0.00374	2.75401	0.05988	4.74552	0.37013
		0.39013	0.00375	2.75658	0.05999	4.74624	0.37055
		0.39095	0.00376	2.75914	0.0601	4.74695	0.37097
		0.39176	0.00377	2.76171	0.0602	4.74767	0.37139
		0.39258	0.00378	2.76428	0.06031	4.74839	0.37181
		0.39339	0.00379	2.76686	0.06042	4.7491	0.37223
		0.39421	0.00379	2.76943	0.06053	4.74982	0.37265
		0.39504	0.0038	2.77201	0.06063	4.75054	0.37307
		0.39586	0.00381	2.77459	0.06074	4.75125	0.3735
		0.39668	0.00382	2.77717	0.06085	4.75197	0.37392
		0.39751	0.00383	2.77976	0.06096	4.75269	0.37434
		0.39834	0.00384	2.78235	0.06107	4.75341	0.37477
		0.39917	0.00385	2.78494	0.06118	4.75412	0.37519
		0.4	0.00386	2.78753	0.06129	4.75484	0.37562
		0.40083	0.00387	2.79012	0.06139	4.75556	0.37604
		0.40167	0.00387	2.79272	0.0615	4.75628	0.37647
		0.40251	0.00388	2.79532	0.06161	4.757	0.3769
		0.40334	0.00389	2.79792	0.06172	4.75772	0.37732
		0.40418	0.0039	2.80053	0.06183	4.75843	0.37775
		0.40503	0.00391	2.80314	0.06194	4.75915	0.37818
		0.40587	0.00392	2.80574	0.06205	4.75987	0.37861
		0.40672	0.00393	2.80836	0.06217	4.76059	0.37904
		0.40756	0.00394	2.81097	0.06228	4.76131	0.37947
		0.40841	0.00395	2.81359	0.06239	4.76203	0.3799
		0.40926	0.00396	2.81621	0.0625	4.76275	0.38033
		0.41012	0.00396	2.81883	0.06261	4.76346	0.38076
		0.41097	0.00397	2.82145	0.06272	4.76418	0.38119
		0.41183	0.00398	2.82408	0.06283	4.7649	0.38162
		0.41269	0.00399	2.82671	0.06295	4.76562	0.38205
		0.41355	0.004	2.82934	0.06306	4.76634	0.38249
		0.41441	0.00401	2.83197	0.06317	4.76706	0.38292
		0.41527	0.00402	2.83461	0.06328	4.76778	0.38335
		0.41614	0.00403	2.83725	0.0634	4.7685	0.38379
		0.417	0.00404	2.83989	0.06351	4.76922	0.38422
		0.41787	0.00405	2.84253	0.06362	4.76994	0.38466
		0.41874	0.00406	2.84518	0.06374	4.77066	0.38509
		0.41962	0.00407	2.84783	0.06385	4.77138	0.38553
		0.42049	0.00408	2.85048	0.06396	4.7721	0.38597
		0.42137	0.00409	2.85313	0.06408	4.77282	0.38641
		0.42224	0.0041	2.85579	0.06419	4.77354	0.38684
		0.42312	0.0041	2.85845	0.06431	4.77426	0.38728
		0.42401	0.00411	2.86111	0.06442	4.77499	0.38772
		0.42489	0.00412	2.86377	0.06453	4.77571	0.38816
		0.42577	0.00413	2.86644	0.06465	4.77643	0.3886
		0.42666	0.00414	2.86911	0.06477	4.77715	0.38904
		0.42755	0.00415	2.87178	0.06488	4.77787	0.38948
		0.42844	0.00416	2.87445	0.065	4.77859	0.38992
		0.42933	0.00417	2.87713	0.06511	4.77931	0.39036
		0.43023	0.00418	2.8798	0.06523	4.78003	0.39081
		0.43113	0.00419	2.88248	0.06534	4.78076	0.39125
		0.43202	0.0042	2.88517	0.06546	4.78148	0.39169
		0.43292	0.00421	2.88785	0.06558	4.7822	0.39214
		0.43383	0.00422	2.89054	0.06569	4.78292	0.39258
		0.43473	0.00423	2.89323	0.06581	4.78364	0.39303
		0.43564	0.00424	2.89593	0.06593	4.78437	0.39347
		0.43654	0.00425	2.89862	0.06605	4.78509	0.39392
		0.43745	0.00426	2.90132	0.06616	4.78581	0.39436
		0.43836	0.00427	2.90402	0.06628	4.78653	0.39481
		0.43928	0.00428	2.90672	0.0664	4.78726	0.39526
		0.44019	0.00429	2.90943	0.06652	4.78798	0.39571
		0.44111	0.0043	2.91214	0.06664	4.7887	0.39615
		0.44203	0.00431	2.91485	0.06676	4.78942	0.3966
		0.44295	0.00432	2.91756	0.06688	4.79015	0.39705
		0.44387	0.00433	2.92028	0.06699	4.79087	0.3975
		0.4448	0.00434	2.923	0.06711	4.79159	0.39795
		0.44573	0.00435	2.92572	0.06723	4.79232	0.3984
		0.44665	0.00436	2.92844	0.06735	4.79304	0.39886
		0.44759	0.00437	2.93117	0.06747	4.79377	0.39931
		0.44852	0.00438	2.9339	0.06759	4.79449	0.39976
		0.44945	0.00439	2.93663	0.06771	4.79521	0.40021
		0.45039	0.0044	2.93936	0.06784	4.79594	0.40067
		0.45133	0.00441	2.9421	0.06796	4.79666	0.40112
		0.45227	0.00442	2.94484	0.06808	4.79739	0.40157
		0.45321	0.00443	2.94758	0.0682	4.79811	0.40203
		0.45415	0.00444	2.95032	0.06832	4.79883	0.40249
		0.4551	0.00445	2.95307	0.06844	4.79956	0.40294
		0.45605	0.00446	2.95582	0.06856	4.80028	0.4034
		0.457	0.00447	2.95857	0.06869	4.80101	0.40386
		0.45795	0.00448	2.96132	0.06881	4.80173	0.40431
		0.45891	0.00449	2.96408	0.06893	4.80246	0.40477
		0.45986	0.0045	2.96684	0.06905	4.80318	0.40523
		0.46082	0.00451	2.9696	0.06918	4.80391	0.40569
		0.46178	0.00452	2.97236	0.0693	4.80463	0.40615
		0.46274	0.00453	2.97513	0.06942	4.80536	0.40661
		0.46371	0.00454	2.9779	0.06955	4.80608	0.40707
		0.46467	0.00456	2.98067	0.06967	4.80681	0.40753
		0.46564	0.00457	2.98345	0.0698	4.80754	0.40799
		0.46661	0.00458	2.98623	0.06992	4.80826	0.40845
		0.46758	0.00459	2.98901	0.07005	4.80899	0.40892
		0.46856	0.0046	2.99179	0.07017	4.80971	0.40938
		0.46953	0.00461	2.99457	0.0703	4.81044	0.40985
		0.47051	0.00462	2.99736	0.07042	4.81117	0.41031
		0.47149	0.00463	3.00015	0.07055	4.81189	0.41077
		0.47248	0.00464	3.00294	0.07067	4.81262	0.41124
		0.47346	0.00465	3.00574	0.0708	4.81335	0.41171
		0.47445	0.00466	3.00854	0.07092	4.81407	0.41217
		0.47544	0.00467	3.01134	0.07105	4.8148	0.41264
		0.47643	0.00468	3.01414	0.07118	4.81553	0.41311
		0.47742	0.00469	3.01695	0.0713	4.81625	0.41358
		0.47841	0.00471	3.01976	0.07143	4.81698	0.41404
		0.47941	0.00472	3.02257	0.07156	4.81771	0.41451
		0.48041	0.00473	3.02538	0.07169	4.81844	0.41498
		0.48141	0.00474	3.0282	0.07181	4.81916	0.41545
		0.48241	0.00475	3.03102	0.07194	4.81989	0.41592
		0.48342	0.00476	3.03384	0.07207	4.82062	0.4164
		0.48443	0.00477	3.03666	0.0722	4.82135	0.41687
		0.48544	0.00478	3.03949	0.07233	4.82207	0.41734
		0.48645	0.00479	3.04232	0.07246	4.8228	0.41781
		0.48746	0.0048	3.04515	0.07259	4.82353	0.41829
		0.48848	0.00482	3.04798	0.07272	4.82426	0.41876
		0.48949	0.00483	3.05082	0.07284	4.82499	0.41923
		0.49051	0.00484	3.05366	0.07297	4.82572	0.41971
		0.49154	0.00485	3.0565	0.0731	4.82644	0.42019
		0.49256	0.00486	3.05935	0.07324	4.82717	0.42066
		0.49359	0.00487	3.0622	0.07337	4.8279	0.42114
		0.49462	0.00488	3.06505	0.0735	4.82863	0.42162
		0.49565	0.00489	3.0679	0.07363	4.82936	0.42209
		0.49668	0.00491	3.07076	0.07376	4.83009	0.42257
		0.49771	0.00492	3.07362	0.07389	4.83082	0.42305
		0.49875	0.00493	3.07648	0.07402	4.83155	0.42353
		0.49979	0.00494	3.07934	0.07415	4.83228	0.42401
		0.50083	0.00495	3.08221	0.07429	4.83301	0.42449
		0.50187	0.00496	3.08508	0.07442	4.83374	0.42497
		0.50292	0.00497	3.08795	0.07455	4.83447	0.42545
		0.50397	0.00499	3.09082	0.07468	4.8352	0.42593
		0.50502	0.005	3.0937	0.07482	4.83593	0.42642
		0.50607	0.00501	3.09658	0.07495	4.83666	0.4269
		0.50713	0.00502	3.09946	0.07508	4.83739	0.42738
		0.50818	0.00503	3.10235	0.07522	4.83812	0.42787
		0.50924	0.00504	3.10524	0.07535	4.83885	0.42835
		0.5103	0.00506	3.10813	0.07549	4.83958	0.42884
		0.51137	0.00507	3.11102	0.07562	4.84031	0.42932
		0.51243	0.00508	3.11392	0.07576	4.84104	0.42981
		0.5135	0.00509	3.11682	0.07589	4.84177	0.4303
		0.51457	0.0051	3.11972	0.07603	4.8425	0.43079
		0.51564	0.00511	3.12262	0.07616	4.84323	0.43127
		0.51672	0.00513	3.12553	0.0763	4.84396	0.43176
		0.51779	0.00514	3.12844	0.07643	4.8447	0.43225
		0.51887	0.00515	3.13135	0.07657	4.84543	0.43274
		0.51995	0.00516	3.13426	0.07671	4.84616	0.43323
		0.52104	0.00517	3.13718	0.07684	4.84689	0.43372
		0.52212	0.00519	3.1401	0.07698	4.84762	0.43421
		0.52321	0.0052	3.14303	0.07712	4.84835	0.43471
		0.5243	0.00521	3.14595	0.07726	4.84909	0.4352
		0.52539	0.00522	3.14888	0.07739	4.84982	0.43569
		0.52649	0.00523	3.15181	0.07753	4.85055	0.43619
		0.52758	0.00525	3.15475	0.07767	4.85128	0.43668
		0.52868	0.00526	3.15768	0.07781	4.85202	0.43718
		0.52978	0.00527	3.16062	0.07795	4.85275	0.43767
		0.53089	0.00528	3.16356	0.07809	4.85348	0.43817
		0.53199	0.00529	3.16651	0.07822	4.85421	0.43866
		0.5331	0.00531	3.16946	0.07836	4.85495	0.43916
		0.53421	0.00532	3.17241	0.0785	4.85568	0.43966
		0.53533	0.00533	3.17536	0.07864	4.85641	0.44016
		0.53644	0.00534	3.17832	0.07878	4.85715	0.44066
		0.53756	0.00536	3.18127	0.07892	4.85788	0.44115
		0.53868	0.00537	3.18424	0.07906	4.85861	0.44165
		0.5398	0.00538	3.1872	0.07921	4.85935	0.44215
		0.54093	0.00539	3.19017	0.07935	4.86008	0.44266
		0.54205	0.00541	3.19314	0.07949	4.86081	0.44316
		0.54318	0.00542	3.19611	0.07963	4.86155	0.44366
		0.54432	0.00543	3.19908	0.07977	4.86228	0.44416
		0.54545	0.00544	3.20206	0.07991	4.86302	0.44467
		0.54659	0.00546	3.20504	0.08006	4.86375	0.44517
		0.54773	0.00547	3.20803	0.0802	4.86448	0.44567
		0.54887	0.00548	3.21101	0.08034	4.86522	0.44618
		0.55001	0.00549	3.214	0.08049	4.86595	0.44668
		0.55116	0.00551	3.21699	0.08063	4.86669	0.44719
		0.55231	0.00552	3.21999	0.08077	4.86742	0.4477
		0.55346	0.00553	3.22299	0.08092	4.86816	0.44821
		0.55461	0.00555	3.22599	0.08106	4.86889	0.44871
		0.55576	0.00556	3.22899	0.08121	4.86963	0.44922
		0.55692	0.00557	3.232	0.08135	4.87036	0.44973
		0.55808	0.00558	3.235	0.0815	4.8711	0.45024
		0.55925	0.0056	3.23802	0.08164	4.87183	0.45075
		0.56041	0.00561	3.24103	0.08179	4.87257	0.45126
		0.56158	0.00562	3.24405	0.08193	4.87331	0.45177
		0.56275	0.00564	3.24707	0.08208	4.87404	0.45228
		0.56392	0.00565	3.25009	0.08222	4.87478	0.4528
		0.5651	0.00566	3.25312	0.08237	4.87551	0.45331
		0.56627	0.00568	3.25614	0.08252	4.87625	0.45382
		0.56745	0.00569	3.25918	0.08267	4.87699	0.45434
		0.56864	0.0057	3.26221	0.08281	4.87772	0.45485
		0.56982	0.00571	3.26525	0.08296	4.87846	0.45537
		0.57101	0.00573	3.26829	0.08311	4.87919	0.45588
		0.5722	0.00574	3.27133	0.08326	4.87993	0.4564
		0.57339	0.00575	3.27437	0.0834	4.88067	0.45692
		0.57459	0.00577	3.27742	0.08355	4.8814	0.45744
		0.57578	0.00578	3.28047	0.0837	4.88214	0.45795
		0.57698	0.00579	3.28353	0.08385	4.88288	0.45847
		0.57819	0.00581	3.28658	0.084	4.88362	0.45899
		0.57939	0.00582	3.28964	0.08415	4.88435	0.45951
		0.5806	0.00584	3.2927	0.0843	4.88509	0.46003
		0.58181	0.00585	3.29577	0.08445	4.88583	0.46055
		0.58302	0.00586	3.29884	0.0846	4.88657	0.46108
		0.58423	0.00588	3.30191	0.08475	4.8873	0.4616
		0.58545	0.00589	3.30498	0.0849	4.88804	0.46212
		0.58667	0.0059	3.30806	0.08506	4.88878	0.46265
		0.58789	0.00592	3.31114	0.08521	4.88952	0.46317
		0.58912	0.00593	3.31422	0.08536	4.89026	0.4637
		0.59035	0.00594	3.31731	0.08551	4.89099	0.46422
		0.59158	0.00596	3.32039	0.08566	4.89173	0.46475
		0.59281	0.00597	3.32348	0.08582	4.89247	0.46527
		0.59404	0.00599	3.32658	0.08597	4.89321	0.4658
		0.59528	0.006	3.32968	0.08612	4.89395	0.46633
		0.59652	0.00601	3.33278	0.08628	4.89469	0.46686
		0.59777	0.00603	3.33588	0.08643	4.89543	0.46739
		0.59901	0.00604	3.33898	0.08658	4.89617	0.46792
		0.60026	0.00606	3.34209	0.08674	4.89691	0.46845
		0.60151	0.00607	3.3452	0.08689	4.89765	0.46898
		0.60276	0.00608	3.34832	0.08705	4.89838	0.46951
		0.60402	0.0061	3.35143	0.0872	4.89912	0.47004
		0.60528	0.00611	3.35455	0.08736	4.89986	0.47057
		0.60654	0.00613	3.35768	0.08751	4.9006	0.47111
		0.6078	0.00614	3.3608	0.08767	4.90134	0.47164
		0.60907	0.00615	3.36393	0.08783	4.90208	0.47217
		0.61034	0.00617	3.36706	0.08798	4.90282	0.47271
		0.61161	0.00618	3.3702	0.08814	4.90356	0.47325
		0.61288	0.0062	3.37333	0.0883	4.9043	0.47378
		0.61416	0.00621	3.37647	0.08845	4.90504	0.47432
		0.61544	0.00623	3.37962	0.08861	4.90579	0.47486
		0.61672	0.00624	3.38276	0.08877	4.90653	0.47539
		0.61801	0.00625	3.38591	0.08893	4.90727	0.47593
		0.6193	0.00627	3.38906	0.08909	4.90801	0.47647
		0.62059	0.00628	3.39222	0.08925	4.90875	0.47701
		0.62188	0.0063	3.39538	0.08941	4.90949	0.47755
		0.62318	0.00631	3.39854	0.08956	4.91023	0.47809
		0.62447	0.00633	3.4017	0.08972	4.91097	0.47864
		0.62578	0.00634	3.40487	0.08988	4.91171	0.47918
		0.62708	0.00636	3.40804	0.09004	4.91246	0.47972
		0.62839	0.00637	3.41121	0.0902	4.9132	0.48026
		0.6297	0.00639	3.41439	0.09037	4.91394	0.48081
		0.63101	0.0064	3.41756	0.09053	4.91468	0.48135
		0.63232	0.00642	3.42074	0.09069	4.91542	0.4819
		0.63364	0.00643	3.42393	0.09085	4.91617	0.48244
		0.63496	0.00645	3.42712	0.09101	4.91691	0.48299
		0.63628	0.00646	3.43031	0.09117	4.91765	0.48354
		0.63761	0.00648	3.4335	0.09134	4.91839	0.48409
		0.63894	0.00649	3.4367	0.0915	4.91914	0.48464
		0.64027	0.00651	3.4399	0.09166	4.91988	0.48518
		0.6416	0.00652	3.4431	0.09183	4.92062	0.48573
		0.64294	0.00654	3.4463	0.09199	4.92136	0.48628
		0.64428	0.00655	3.44951	0.09215	4.92211	0.48684
		0.64562	0.00657	3.45272	0.09232	4.92285	0.48739
		0.64697	0.00658	3.45594	0.09248	4.92359	0.48794
		0.64832	0.0066	3.45915	0.09265	4.92434	0.48849
		0.64967	0.00661	3.46237	0.09281	4.92508	0.48905
		0.65102	0.00663	3.4656	0.09298	4.92582	0.4896
		0.65238	0.00664	3.46882	0.09314	4.92657	0.49016
		0.65374	0.00666	3.47205	0.09331	4.92731	0.49071
		0.6551	0.00667	3.47528	0.09348	4.92806	0.49127
		0.65646	0.00669	3.47852	0.09364	4.9288	0.49182
		0.65783	0.0067	3.48176	0.09381	4.92954	0.49238
		0.6592	0.00672	3.485	0.09398	4.93029	0.49294
		0.66058	0.00674	3.48824	0.09414	4.93103	0.4935
		0.66195	0.00675	3.49149	0.09431	4.93178	0.49406
		0.66333	0.00677	3.49474	0.09448	4.93252	0.49462
		0.66471	0.00678	3.49799	0.09465	4.93327	0.49518
		0.6661	0.0068	3.50125	0.09482	4.93401	0.49574
		0.66749	0.00681	3.50451	0.09499	4.93476	0.4963
		0.66888	0.00683	3.50777	0.09516	4.9355	0.49686
		0.67027	0.00685	3.51104	0.09533	4.93625	0.49743
		0.67167	0.00686	3.51431	0.0955	4.93699	0.49799
		0.67307	0.00688	3.51758	0.09567	4.93774	0.49855
		0.67447	0.00689	3.52085	0.09584	4.93848	0.49912
		0.67588	0.00691	3.52413	0.09601	4.93923	0.49968
		0.67728	0.00692	3.52741	0.09618	4.93997	0.50025
		0.67869	0.00694	3.53069	0.09635	4.94072	0.50082
		0.68011	0.00696	3.53398	0.09652	4.94147	0.50138
		0.68153	0.00697	3.53727	0.09669	4.94221	0.50195
		0.68295	0.00699	3.54056	0.09687	4.94296	0.50252
		0.68437	0.00701	3.54386	0.09704	4.9437	0.50309
		0.6858	0.00702	3.54716	0.09721	4.94445	0.50366
		0.68722	0.00704	3.55046	0.09739	4.9452	0.50423
		0.68866	0.00705	3.55376	0.09756	4.94594	0.5048
		0.69009	0.00707	3.55707	0.09773	4.94669	0.50538
		0.69153	0.00709	3.56038	0.09791	4.94744	0.50595
		0.69297	0.0071	3.5637	0.09808	4.94818	0.50652
		0.69441	0.00712	3.56702	0.09826	4.94893	0.5071
		0.69586	0.00714	3.57034	0.09843	4.94968	0.50767
		0.69731	0.00715	3.57366	0.09861	4.95043	0.50825
		0.69876	0.00717	3.57699	0.09878	4.95117	0.50882
		0.70022	0.00719	3.58032	0.09896	4.95192	0.5094
		0.70168	0.0072	3.58365	0.09914	4.95267	0.50998
		0.70314	0.00722	3.58699	0.09931	4.95342	0.51055
		0.70461	0.00724	3.59032	0.09949	4.95416	0.51113
		0.70607	0.00725	3.59367	0.09967	4.95491	0.51171
		0.70755	0.00727	3.59701	0.09984	4.95566	0.51229
		0.70902	0.00729	3.60036	0.10002	4.95641	0.51287
		0.7105	0.0073	3.60371	0.1002	4.95716	0.51345
		0.71198	0.00732	3.60707	0.10038	4.95791	0.51403
		0.71346	0.00734	3.61042	0.10056	4.95865	0.51462
		0.71495	0.00735	3.61379	0.10074	4.9594	0.5152
		0.71644	0.00737	3.61715	0.10092	4.96015	0.51578
		0.71793	0.00739	3.62052	0.1011	4.9609	0.51637
		0.71943	0.00741	3.62389	0.10128	4.96165	0.51695
		0.72093	0.00742	3.62726	0.10146	4.9624	0.51754
		0.72243	0.00744	3.63064	0.10164	4.96315	0.51813
		0.72393	0.00746	3.63402	0.10182	4.9639	0.51871
		0.72544	0.00747	3.6374	0.102	4.96465	0.5193
		0.72695	0.00749	3.64079	0.10218	4.9654	0.51989
		0.72847	0.00751	3.64418	0.10237	4.96615	0.52048
		0.72999	0.00753	3.64757	0.10255	4.9669	0.52107
		0.73151	0.00754	3.65096	0.10273	4.96765	0.52166
		0.73303	0.00756	3.65436	0.10291	4.9684	0.52225
		0.73456	0.00758	3.65776	0.1031	4.96915	0.52284
		0.73609	0.0076	3.66117	0.10328	4.9699	0.52343
		0.73762	0.00761	3.66458	0.10347	4.97065	0.52403
		0.73916	0.00763	3.66799	0.10365	4.9714	0.52462
		0.7407	0.00765	3.6714	0.10384	4.97215	0.52522
		0.74224	0.00767	3.67482	0.10402	4.9729	0.52581
		0.74379	0.00768	3.67824	0.10421	4.97365	0.52641
		0.74534	0.0077	3.68167	0.10439	4.9744	0.527
		0.74689	0.00772	3.68509	0.10458	4.97515	0.5276
		0.74845	0.00774	3.68852	0.10476	4.9759	0.5282
		0.75001	0.00776	3.69196	0.10495	4.97665	0.5288
		0.75157	0.00777	3.69539	0.10514	4.97741	0.5294
		0.75314	0.00779	3.69883	0.10533	4.97816	0.53
		0.75471	0.00781	3.70228	0.10551	4.97891	0.5306
		0.75628	0.00783	3.70572	0.1057	4.97966	0.5312
		0.75786	0.00785	3.70917	0.10589	4.98041	0.5318
		0.75943	0.00786	3.71263	0.10608	4.98116	0.5324
		0.76102	0.00788	3.71608	0.10627	4.98192	0.53301
		0.7626	0.0079	3.71954	0.10646	4.98267	0.53361
		0.76419	0.00792	3.723	0.10665	4.98342	0.53421
		0.76578	0.00794	3.72647	0.10684	4.98417	0.53482
		0.76738	0.00796	3.72994	0.10703	4.98493	0.53543
		0.76898	0.00797	3.73341	0.10722	4.98568	0.53603
		0.77058	0.00799	3.73689	0.10741	4.98643	0.53664
		0.77219	0.00801	3.74036	0.1076	4.98718	0.53725
		0.7738	0.00803	3.74385	0.10779	4.98794	0.53786
		0.77541	0.00805	3.74733	0.10799	4.98869	0.53847
		0.77702	0.00807	3.75082	0.10818	4.98944	0.53908
		0.77864	0.00809	3.75431	0.10837	4.9902	0.53969
		0.78026	0.0081	3.75781	0.10856	4.99095	0.5403
		0.78189	0.00812	3.7613	0.10876	4.9917	0.54091
		0.78352	0.00814	3.76481	0.10895	4.99246	0.54152
		0.78515	0.00816	3.76831	0.10915	4.99321	0.54214
		0.78679	0.00818	3.77182	0.10934	4.99396	0.54275
		0.78843	0.0082	3.77533	0.10953	4.99472	0.54337
		0.79007	0.00822	3.77884	0.10973	4.99547	0.54398
		0.79172	0.00824	3.78236	0.10993	4.99623	0.5446
		0.79337	0.00826	3.78588	0.11012	4.99698	0.54522
		0.79502	0.00828	3.78941	0.11032	4.99774	0.54583
		0.79668	0.00829	3.79294	0.11051	4.99849	0.54645
		0.79834	0.00831	3.79647	0.11071	4.99925	0.54707
		0.8	0.00833	3.8	0.11091	5	0.54769