0	3.25E-4	0.1	0.67968
0.1	0.66781	0.10025	0.68135
0.2	1.33878	0.1005	0.68303
0.3	2.01464	0.10075	0.68471
0.4	2.70254	0.101	0.6864
0.5	3.3964	0.10125	0.68809
0.6	4.1023	0.1015	0.68979
0.7	4.81892	0.10176	0.69149
0.8	5.44275	0.10201	0.69319
0.9	5.97504	0.10226	0.6949
1	6.45431	0.10252	0.69662
1.1	7.09258	0.10277	0.69833
1.2	7.78381	0.10303	0.70005
		0.10329	0.70178
		0.10354	0.70351
		0.1038	0.70524
		0.10406	0.70698
		0.10432	0.70872
		0.10458	0.71047
		0.10484	0.71222
		0.1051	0.71398
		0.10536	0.71574
		0.10562	0.7175
		0.10589	0.71927
		0.10615	0.72104
		0.10642	0.72282
		0.10668	0.7246
		0.10695	0.72639
		0.10721	0.72818
		0.10748	0.72997
		0.10775	0.73177
		0.10802	0.73357
		0.10829	0.73538
		0.10855	0.73719
		0.10883	0.73901
		0.1091	0.74083
		0.10937	0.74266
		0.10964	0.74449
		0.10991	0.74632
		0.11019	0.74816
		0.11046	0.75001
		0.11074	0.75186
		0.11101	0.75371
		0.11129	0.75557
		0.11157	0.75743
		0.11184	0.7593
		0.11212	0.76117
		0.1124	0.76304
		0.11268	0.76493
		0.11296	0.76681
		0.11324	0.7687
		0.11353	0.7706
		0.11381	0.77249
		0.11409	0.7744
		0.11438	0.77631
		0.11466	0.77822
		0.11495	0.78014
		0.11523	0.78206
		0.11552	0.78399
		0.11581	0.78592
		0.1161	0.78786
		0.11638	0.7898
		0.11667	0.79175
		0.11697	0.7937
		0.11726	0.79565
		0.11755	0.79762
		0.11784	0.79958
		0.11813	0.80155
		0.11843	0.80353
		0.11872	0.80551
		0.11902	0.80749
		0.11932	0.80948
		0.11961	0.81148
		0.11991	0.81348
		0.12021	0.81548
		0.12051	0.81749
		0.12081	0.81951
		0.12111	0.82153
		0.12141	0.82355
		0.12171	0.82558
		0.12202	0.82762
		0.12232	0.82966
		0.12263	0.8317
		0.12293	0.83375
		0.12324	0.83581
		0.12354	0.83787
		0.12385	0.83993
		0.12416	0.842
		0.12447	0.84408
		0.12478	0.84616
		0.12509	0.84825
		0.1254	0.85034
		0.12571	0.85243
		0.12603	0.85453
		0.12634	0.85664
		0.12666	0.85875
		0.12697	0.86087
		0.12729	0.86299
		0.1276	0.86512
		0.12792	0.86725
		0.12824	0.86939
		0.12856	0.87153
		0.12888	0.87368
		0.1292	0.87583
		0.12952	0.87799
		0.12985	0.88015
		0.13017	0.88232
		0.13049	0.8845
		0.13082	0.88668
		0.13114	0.88886
		0.13147	0.89105
		0.1318	0.89325
		0.13213	0.89545
		0.13246	0.89766
		0.13279	0.89987
		0.13312	0.90209
		0.13345	0.90431
		0.13378	0.90654
		0.13411	0.90878
		0.13445	0.91102
		0.13478	0.91326
		0.13512	0.91551
		0.13545	0.91777
		0.13579	0.92003
		0.13613	0.9223
		0.13647	0.92457
		0.13681	0.92685
		0.13715	0.92913
		0.13749	0.93142
		0.13783	0.93372
		0.13818	0.93602
		0.13852	0.93833
		0.13887	0.94064
		0.13921	0.94296
		0.13956	0.94528
		0.13991	0.94761
		0.14025	0.94995
		0.1406	0.95229
		0.14095	0.95464
		0.1413	0.95699
		0.14166	0.95935
		0.14201	0.96171
		0.14236	0.96408
		0.14272	0.96646
		0.14307	0.96884
		0.14343	0.97123
		0.14379	0.97362
		0.14414	0.97602
		0.1445	0.97843
		0.14486	0.98084
		0.14522	0.98326
		0.14559	0.98568
		0.14595	0.98811
		0.14631	0.99055
		0.14668	0.99299
		0.14704	0.99544
		0.14741	0.99789
		0.14778	1.00035
		0.14814	1.00282
		0.14851	1.00529
		0.14888	1.00776
		0.14925	1.01025
		0.14962	1.01274
		0.15	1.01523
		0.15037	1.01774
		0.15075	1.02025
		0.15112	1.02276
		0.1515	1.02528
		0.15187	1.02781
		0.15225	1.03034
		0.15263	1.03288
		0.15301	1.03543
		0.15339	1.03798
		0.15377	1.04054
		0.15416	1.0431
		0.15454	1.04567
		0.15493	1.04825
		0.15531	1.05083
		0.1557	1.05342
		0.15609	1.05602
		0.15648	1.05862
		0.15687	1.06123
		0.15726	1.06385
		0.15765	1.06647
		0.15804	1.0691
		0.15843	1.07173
		0.15883	1.07437
		0.15922	1.07702
		0.15962	1.07968
		0.16002	1.08234
		0.16042	1.08501
		0.16082	1.08768
		0.16122	1.09036
		0.16162	1.09305
		0.16202	1.09574
		0.16242	1.09844
		0.16283	1.10115
		0.16323	1.10387
		0.16364	1.10659
		0.16405	1.10931
		0.16446	1.11205
		0.16487	1.11479
		0.16528	1.11754
		0.16569	1.12029
		0.1661	1.12305
		0.16652	1.12582
		0.16693	1.12859
		0.16735	1.13138
		0.16776	1.13417
		0.16818	1.13696
		0.1686	1.13976
		0.16902	1.14257
		0.16944	1.14539
		0.16986	1.14821
		0.17028	1.15104
		0.17071	1.15388
		0.17113	1.15672
		0.17156	1.15957
		0.17199	1.16243
		0.17242	1.1653
		0.17285	1.16817
		0.17328	1.17105
		0.17371	1.17393
		0.17414	1.17683
		0.17457	1.17973
		0.17501	1.18264
		0.17544	1.18555
		0.17588	1.18847
		0.17632	1.1914
		0.17676	1.19434
		0.1772	1.19728
		0.17764	1.20023
		0.17808	1.20319
		0.17853	1.20616
		0.17897	1.20913
		0.17942	1.21211
		0.17986	1.2151
		0.18031	1.21809
		0.18076	1.2211
		0.18121	1.2241
		0.18166	1.22712
		0.18211	1.23015
		0.18257	1.23318
		0.18302	1.23622
		0.18348	1.23926
		0.18393	1.24232
		0.18439	1.24538
		0.18485	1.24845
		0.18531	1.25153
		0.18577	1.25461
		0.18624	1.2577
		0.1867	1.2608
		0.18717	1.26391
		0.18763	1.26703
		0.1881	1.27015
		0.18857	1.27328
		0.18904	1.27642
		0.18951	1.27957
		0.18998	1.28272
		0.19045	1.28588
		0.19093	1.28905
		0.1914	1.29223
		0.19188	1.29541
		0.19236	1.29861
		0.19284	1.30181
		0.19332	1.30501
		0.1938	1.30823
		0.19428	1.31146
		0.19476	1.31469
		0.19525	1.31793
		0.19574	1.32118
		0.19622	1.32443
		0.19671	1.3277
		0.1972	1.33097
		0.19769	1.33425
		0.19819	1.33754
		0.19868	1.34084
		0.19917	1.34414
		0.19967	1.34745
		0.20017	1.35077
		0.20067	1.3541
		0.20117	1.35744
		0.20167	1.36079
		0.20217	1.36414
		0.20267	1.3675
		0.20318	1.37087
		0.20368	1.37425
		0.20419	1.37764
		0.2047	1.38104
		0.20521	1.38444
		0.20572	1.38785
		0.20623	1.39127
		0.20675	1.3947
		0.20726	1.39814
		0.20778	1.40159
		0.20829	1.40504
		0.20881	1.4085
		0.20933	1.41197
		0.20985	1.41545
		0.21038	1.41894
		0.2109	1.42244
		0.21143	1.42595
		0.21195	1.42946
		0.21248	1.43298
		0.21301	1.43652
		0.21354	1.44006
		0.21407	1.44361
		0.21461	1.44716
		0.21514	1.45073
		0.21568	1.45431
		0.21621	1.45789
		0.21675	1.46149
		0.21729	1.46509
		0.21783	1.4687
		0.21837	1.47232
		0.21892	1.47595
		0.21946	1.47958
		0.22001	1.48323
		0.22056	1.48689
		0.22111	1.49055
		0.22166	1.49423
		0.22221	1.49791
		0.22276	1.5016
		0.22332	1.5053
		0.22387	1.50901
		0.22443	1.51273
		0.22499	1.51646
		0.22555	1.5202
		0.22611	1.52394
		0.22668	1.5277
		0.22724	1.53147
		0.22781	1.53524
		0.22837	1.53902
		0.22894	1.54282
		0.22951	1.54662
		0.23008	1.55043
		0.23066	1.55425
		0.23123	1.55809
		0.23181	1.56193
		0.23239	1.56578
		0.23296	1.56963
		0.23354	1.5735
		0.23413	1.57738
		0.23471	1.58127
		0.23529	1.58517
		0.23588	1.58907
		0.23647	1.59299
		0.23706	1.59692
		0.23765	1.60085
		0.23824	1.6048
		0.23883	1.60875
		0.23943	1.61272
		0.24002	1.61669
		0.24062	1.62068
		0.24122	1.62467
		0.24182	1.62868
		0.24242	1.63269
		0.24303	1.63672
		0.24363	1.64075
		0.24424	1.64479
		0.24485	1.64885
		0.24546	1.65291
		0.24607	1.65699
		0.24668	1.66107
		0.24729	1.66516
		0.24791	1.66927
		0.24853	1.67338
		0.24915	1.67751
		0.24977	1.68164
		0.25039	1.68579
		0.25101	1.68994
		0.25164	1.69411
		0.25227	1.69828
		0.25289	1.70247
		0.25352	1.70666
		0.25415	1.71087
		0.25479	1.71509
		0.25542	1.71932
		0.25606	1.72355
		0.2567	1.7278
		0.25734	1.73206
		0.25798	1.73633
		0.25862	1.74061
		0.25926	1.7449
		0.25991	1.7492
		0.26056	1.75351
		0.2612	1.75783
		0.26186	1.76216
		0.26251	1.76651
		0.26316	1.77086
		0.26382	1.77523
		0.26447	1.7796
		0.26513	1.78399
		0.26579	1.78839
		0.26645	1.79279
		0.26712	1.79721
		0.26778	1.80164
		0.26845	1.80608
		0.26912	1.81053
		0.26979	1.815
		0.27046	1.81947
		0.27113	1.82395
		0.27181	1.82845
		0.27249	1.83296
		0.27317	1.83747
		0.27385	1.842
		0.27453	1.84654
		0.27521	1.8511
		0.2759	1.85566
		0.27658	1.86023
		0.27727	1.86482
		0.27796	1.86941
		0.27866	1.87402
		0.27935	1.87864
		0.28005	1.88327
		0.28074	1.88791
		0.28144	1.89256
		0.28214	1.89723
		0.28285	1.90191
		0.28355	1.90659
		0.28426	1.91129
		0.28496	1.916
		0.28567	1.92073
		0.28639	1.92546
		0.2871	1.93021
		0.28781	1.93496
		0.28853	1.93973
		0.28925	1.94451
		0.28997	1.94931
		0.29069	1.95411
		0.29142	1.95893
		0.29214	1.96376
		0.29287	1.9686
		0.2936	1.97345
		0.29433	1.97831
		0.29506	1.98319
		0.2958	1.98808
		0.29653	1.99298
		0.29727	1.99789
		0.29801	2.00281
		0.29875	2.00775
		0.2995	2.0127
		0.30024	2.01766
		0.30099	2.02263
		0.30174	2.02762
		0.30249	2.03261
		0.30325	2.03762
		0.304	2.04265
		0.30476	2.04768
		0.30552	2.05273
		0.30628	2.05779
		0.30704	2.06286
		0.30781	2.06794
		0.30857	2.07304
		0.30934	2.07815
		0.31011	2.08327
		0.31088	2.08841
		0.31166	2.09355
		0.31244	2.09871
		0.31321	2.10389
		0.31399	2.10907
		0.31478	2.11427
		0.31556	2.11948
		0.31635	2.12471
		0.31713	2.12994
		0.31792	2.13519
		0.31871	2.14045
		0.31951	2.14573
		0.3203	2.15102
		0.3211	2.15632
		0.3219	2.16164
		0.3227	2.16696
		0.32351	2.1723
		0.32431	2.17766
		0.32512	2.18303
		0.32593	2.18841
		0.32674	2.1938
		0.32756	2.19921
		0.32837	2.20463
		0.32919	2.21006
		0.33001	2.21551
		0.33083	2.22097
		0.33165	2.22644
		0.33248	2.23193
		0.33331	2.23743
		0.33414	2.24295
		0.33497	2.24848
		0.33581	2.25402
		0.33664	2.25957
		0.33748	2.26514
		0.33832	2.27073
		0.33916	2.27632
		0.34001	2.28193
		0.34085	2.28756
		0.3417	2.2932
		0.34255	2.29885
		0.34341	2.30451
		0.34426	2.31019
		0.34512	2.31589
		0.34598	2.3216
		0.34684	2.32732
		0.34771	2.33305
		0.34857	2.3388
		0.34944	2.34457
		0.35031	2.35035
		0.35118	2.35614
		0.35206	2.36195
		0.35293	2.36777
		0.35381	2.37361
		0.35469	2.37946
		0.35558	2.38532
		0.35646	2.3912
		0.35735	2.39709
		0.35824	2.403
		0.35913	2.40892
		0.36003	2.41486
		0.36092	2.42081
		0.36182	2.42678
		0.36272	2.43276
		0.36363	2.43876
		0.36453	2.44477
		0.36544	2.4508
		0.36635	2.45684
		0.36726	2.46289
		0.36818	2.46896
		0.36909	2.47505
		0.37001	2.48115
		0.37094	2.48726
		0.37186	2.49339
		0.37278	2.49954
		0.37371	2.5057
		0.37464	2.51188
		0.37558	2.51807
		0.37651	2.52427
		0.37745	2.53049
		0.37839	2.53673
		0.37933	2.54298
		0.38028	2.54925
		0.38122	2.55554
		0.38217	2.56183
		0.38313	2.56815
		0.38408	2.57448
		0.38504	2.58082
		0.386	2.58718
		0.38696	2.59356
		0.38792	2.59995
		0.38889	2.60636
		0.38985	2.61279
		0.39083	2.61923
		0.3918	2.62568
		0.39277	2.63215
		0.39375	2.63864
		0.39473	2.64514
		0.39572	2.65166
		0.3967	2.6582
		0.39769	2.66475
		0.39868	2.67132
		0.39967	2.6779
		0.40067	2.6845
		0.40167	2.69112
		0.40267	2.69775
		0.40367	2.7044
		0.40468	2.71107
		0.40568	2.71775
		0.40669	2.72445
		0.40771	2.73116
		0.40872	2.7379
		0.40974	2.74464
		0.41076	2.75141
		0.41178	2.75819
		0.41281	2.76499
		0.41384	2.7718
		0.41487	2.77864
		0.4159	2.78548
		0.41694	2.79235
		0.41798	2.79923
		0.41902	2.80613
		0.42006	2.81305
		0.42111	2.81998
		0.42215	2.82693
		0.42321	2.8339
		0.42426	2.84088
		0.42532	2.84789
		0.42638	2.85491
		0.42744	2.86194
		0.4285	2.869
		0.42957	2.87607
		0.43064	2.88316
		0.43171	2.89026
		0.43279	2.89739
		0.43386	2.90453
		0.43495	2.91169
		0.43603	2.91886
		0.43711	2.92606
		0.4382	2.93327
		0.43929	2.9405
		0.44039	2.94775
		0.44149	2.95501
		0.44258	2.9623
		0.44369	2.9696
		0.44479	2.97692
		0.4459	2.98425
		0.44701	2.99161
		0.44812	2.99898
		0.44924	3.00637
		0.45036	3.01378
		0.45148	3.02121
		0.4526	3.02866
		0.45373	3.03612
		0.45486	3.04361
		0.45599	3.05111
		0.45713	3.05863
		0.45827	3.06617
		0.45941	3.07372
		0.46055	3.0813
		0.4617	3.0889
		0.46285	3.09651
		0.464	3.10414
		0.46516	3.11179
		0.46632	3.11946
		0.46748	3.12715
		0.46864	3.13486
		0.46981	3.14258
		0.47098	3.15033
		0.47215	3.15809
		0.47333	3.16588
		0.47451	3.17368
		0.47569	3.1815
		0.47687	3.18935
		0.47806	3.19721
		0.47925	3.20509
		0.48045	3.21299
		0.48164	3.22091
		0.48284	3.22884
		0.48405	3.2368
		0.48525	3.24478
		0.48646	3.25278
		0.48767	3.2608
		0.48889	3.26883
		0.4901	3.27689
		0.49132	3.28497
		0.49255	3.29306
		0.49377	3.30118
		0.495	3.30932
		0.49624	3.31747
		0.49747	3.32565
		0.49871	3.33385
		0.49995	3.34206
		0.5012	3.3503
		0.50245	3.35856
		0.5037	3.36684
		0.50495	3.37513
		0.50621	3.38345
		0.50747	3.39179
		0.50873	3.40015
		0.51	3.40853
		0.51127	3.41693
		0.51254	3.42536
		0.51382	3.4338
		0.5151	3.44226
		0.51638	3.45075
		0.51767	3.45925
		0.51896	3.46778
		0.52025	3.47632
		0.52155	3.48489
		0.52285	3.49348
		0.52415	3.50209
		0.52545	3.51072
		0.52676	3.51938
		0.52807	3.52805
		0.52939	3.53675
		0.53071	3.54547
		0.53203	3.5542
		0.53335	3.56296
		0.53468	3.57175
		0.53601	3.58055
		0.53735	3.58937
		0.53869	3.59822
		0.54003	3.60709
		0.54137	3.61598
		0.54272	3.62489
		0.54407	3.63383
		0.54543	3.64278
		0.54679	3.65176
		0.54815	3.66076
		0.54951	3.66979
		0.55088	3.67883
		0.55225	3.6879
		0.55363	3.69699
		0.55501	3.7061
		0.55639	3.71523
		0.55778	3.72439
		0.55917	3.73357
		0.56056	3.74277
		0.56195	3.752
		0.56335	3.76125
		0.56476	3.77052
		0.56616	3.77981
		0.56757	3.78913
		0.56899	3.79847
		0.5704	3.80783
		0.57183	3.81721
		0.57325	3.82662
		0.57468	3.83605
		0.57611	3.84551
		0.57754	3.85499
		0.57898	3.86449
		0.58042	3.87401
		0.58187	3.88356
		0.58332	3.89313
		0.58477	3.90273
		0.58623	3.91235
		0.58769	3.92199
		0.58915	3.93166
		0.59062	3.94135
		0.59209	3.95106
		0.59356	3.9608
		0.59504	3.97056
		0.59652	3.98035
		0.59801	3.99016
		0.5995	4
		0.60099	4.00985
		0.60249	4.01974
		0.60399	4.02965
		0.60549	4.03958
		0.607	4.04953
		0.60851	4.05952
		0.61003	4.06952
		0.61155	4.07955
		0.61307	4.08961
		0.6146	4.09969
		0.61613	4.10979
		0.61766	4.11992
		0.6192	4.13007
		0.62074	4.14025
		0.62229	4.15046
		0.62384	4.16069
		0.62539	4.17094
		0.62695	4.18122
		0.62851	4.19153
		0.63008	4.20186
		0.63165	4.21222
		0.63322	4.2226
		0.6348	4.23301
		0.63638	4.24344
		0.63796	4.2539
		0.63955	4.26438
		0.64114	4.27489
		0.64274	4.28543
		0.64434	4.29599
		0.64595	4.30658
		0.64755	4.3172
		0.64917	4.32784
		0.65078	4.3385
		0.6524	4.3492
		0.65403	4.35992
		0.65566	4.37066
		0.65729	4.38144
		0.65893	4.39224
		0.66057	4.40306
		0.66221	4.41391
		0.66386	4.42479
		0.66552	4.4357
		0.66717	4.44663
		0.66884	4.45759
		0.6705	4.46858
		0.67217	4.47959
		0.67385	4.49063
		0.67552	4.5017
		0.67721	4.5128
		0.67889	4.52392
		0.68058	4.53507
		0.68228	4.54625
		0.68398	4.55745
		0.68568	4.56869
		0.68739	4.57995
		0.6891	4.59124
		0.69082	4.60255
		0.69254	4.6139
		0.69426	4.62527
		0.69599	4.63667
		0.69772	4.6481
		0.69946	4.65955
		0.7012	4.67104
		0.70295	4.68255
		0.7047	4.69409
		0.70646	4.70566
		0.70822	4.71726
		0.70998	4.72889
		0.71175	4.74054
		0.71352	4.75223
		0.7153	4.76394
		0.71708	4.77568
		0.71887	4.78745
		0.72066	4.79925
		0.72245	4.81108
		0.72425	4.82294
		0.72605	4.83483
		0.72786	4.84674
		0.72967	4.85869
		0.73149	4.87066
		0.73331	4.88267
		0.73514	4.8947
		0.73697	4.90677
		0.73881	4.91886
		0.74065	4.93099
		0.74249	4.94314
		0.74434	4.95532
		0.74619	4.96754
		0.74805	4.97978
		0.74991	4.99205
		0.75178	5.00436
		0.75365	5.01669
		0.75553	5.02906
		0.75741	5.04145
		0.7593	5.05388
		0.76119	5.06633
		0.76309	5.07882
		0.76499	5.09134
		0.76689	5.10389
		0.7688	5.11647
		0.77072	5.12908
		0.77264	5.14172
		0.77456	5.15439
		0.77649	5.1671
		0.77842	5.17983
		0.78036	5.1926
		0.78231	5.2054
		0.78425	5.21823
		0.78621	5.23109
		0.78816	5.24398
		0.79013	5.25691
		0.7921	5.26987
		0.79407	5.28286
		0.79605	5.29588
		0.79803	5.30893
		0.80002	5.32201
		0.80201	5.33513
		0.80401	5.34828
		0.80601	5.36146
		0.80802	5.37468
		0.81003	5.38793
		0.81205	5.40121
		0.81407	5.41452
		0.81609	5.42786
		0.81813	5.44124
		0.82017	5.45465
		0.82221	5.4681
		0.82426	5.48157
		0.82631	5.49509
		0.82837	5.50863
		0.83043	5.52221
		0.8325	5.53582
		0.83457	5.54946
		0.83665	5.56314
		0.83873	5.57685
		0.84082	5.5906
		0.84292	5.60438
		0.84501	5.61819
		0.84712	5.63204
		0.84923	5.64592
		0.85134	5.65983
		0.85346	5.67378
		0.85559	5.68777
		0.85772	5.70179
		0.85986	5.71584
		0.862	5.72993
		0.86415	5.74405
		0.8663	5.75821
		0.86845	5.7724
		0.87062	5.78663
		0.87279	5.80089
		0.87496	5.81519
		0.87714	5.82952
		0.87932	5.84389
		0.88151	5.8583
		0.88371	5.87273
		0.88591	5.88721
		0.88812	5.90172
		0.89033	5.91627
		0.89255	5.93085
		0.89477	5.94547
		0.897	5.96012
		0.89923	5.97481
		0.90147	5.98954
		0.90371	6.0043
		0.90597	6.0191
		0.90822	6.03393
		0.91048	6.04881
		0.91275	6.06371
		0.91502	6.07866
		0.9173	6.09364
		0.91959	6.10866
		0.92188	6.12372
		0.92417	6.13881
		0.92648	6.15394
		0.92878	6.16911
		0.9311	6.18432
		0.93342	6.19956
		0.93574	6.21484
		0.93807	6.23016
		0.94041	6.24551
		0.94275	6.26091
		0.9451	6.27634
		0.94745	6.29181
		0.94981	6.30731
		0.95218	6.32286
		0.95455	6.33844
		0.95692	6.35407
		0.95931	6.36973
		0.9617	6.38543
		0.96409	6.40117
		0.96649	6.41694
		0.9689	6.43276
		0.97131	6.44862
		0.97373	6.46451
		0.97616	6.48044
		0.97859	6.49642
		0.98102	6.51243
		0.98347	6.52848
		0.98592	6.54457
		0.98837	6.5607
		0.99083	6.57687
		0.9933	6.59308
		0.99578	6.60933
		0.99826	6.62562
		1.00074	6.64195
		1.00323	6.65832
		1.00573	6.67473
		1.00824	6.69119
		1.01075	6.70768
		1.01327	6.72421
		1.01579	6.74078
		1.01832	6.7574
		1.02086	6.77405
		1.0234	6.79075
		1.02595	6.80749
		1.0285	6.82427
		1.03106	6.84109
		1.03363	6.85795
		1.03621	6.87485
		1.03879	6.8918
		1.04137	6.90878
		1.04397	6.92581
		1.04657	6.94288
		1.04917	6.95999
		1.05179	6.97715
		1.05441	6.99434
		1.05703	7.01158
		1.05966	7.02887
		1.0623	7.04619
		1.06495	7.06356
		1.0676	7.08097
		1.07026	7.09842
		1.07293	7.11592
		1.0756	7.13345
		1.07828	7.15104
		1.08096	7.16866
		1.08365	7.18633
		1.08635	7.20404
		1.08906	7.2218
		1.09177	7.2396
		1.09449	7.25744
		1.09722	7.27533
		1.09995	7.29326
		1.10269	7.31124
		1.10543	7.32926
		1.10819	7.34732
		1.11095	7.36543
		1.11371	7.38359
		1.11649	7.40179
		1.11927	7.42003
		1.12206	7.43832
		1.12485	7.45665
		1.12765	7.47503
		1.13046	7.49345
		1.13327	7.51192
		1.1361	7.53044
		1.13893	7.549
		1.14176	7.56761
		1.14461	7.58626
		1.14746	7.60496
		1.15032	7.6237
		1.15318	7.64249
		1.15605	7.66133
		1.15893	7.68021
		1.16182	7.69914
		1.16471	7.71812
		1.16761	7.73714
		1.17052	7.75621
		1.17343	7.77533
		1.17636	7.79449
		1.17929	7.8137
		1.18222	7.83296
		1.18517	7.85227
		1.18812	7.87162
		1.19108	7.89102
		1.19405	7.91047
		1.19702	7.92997
		1.2	7.94952