e:\onedrive\实验\xps\0119xueq82813\0119xueq82813-merged-region.vms
Zn 2p/9
	Characteristic Energy eV	1486.69	Acquisition Time s	0.4488
KE_Zn 2p/9	BE_Zn 2p/9	CPS_Zn 2p/9	Zn 2p_1_Zn 2p/9	Zn 2p_2_Zn 2p/9	Background_Zn 2p/9	Envelope_Zn 2p/9	Normalised_Residual_Zn 2p/9	Residual_Zn 2p/9
430.492	1056.2	11929.6	11929.7	11930.7	11929.6	11930.8	0	0
430.592	1056.1	11907.3	11907.4	11908.5	11907.3	11908.5	0	0
430.692	1056	11802.6	11802.7	11803.8	11802.6	11803.8	0	0
430.792	1055.9	11945.2	11945.3	11946.4	11945.2	11946.5	0	0
430.892	1055.8	12045.5	12045.5	12046.7	12045.5	12046.8	0	0
430.992	1055.7	11662.2	11662.3	11663.5	11662.2	11663.6	0	0
431.092	1055.6	11867.2	11867.3	11868.5	11867.2	11868.6	0	0
431.192	1055.5	12041	12041.1	12042.3	12041	12042.4	0	0
431.292	1055.4	12036.5	12036.6	12037.9	12036.5	12038	0	0
431.392	1055.3	11880.6	11880.7	11882	11880.6	11882.1	0	0
431.492	1055.2	12116.8	12116.8	12118.2	12116.8	12118.3	0	0
431.592	1055.1	11996.4	11996.5	11998	11996.4	11998.1	0	0
431.692	1055	12085.6	12085.6	12087.1	12085.6	12087.2	0	0
431.792	1054.9	12234.8	12234.9	12236.5	12234.8	12236.6	0	0
431.892	1054.8	12161.3	12161.4	12163	12161.3	12163.1	0	0
431.992	1054.7	12070	12070.1	12071.7	12070	12071.8	0	0
432.092	1054.6	11940.7	11940.8	11942.5	11940.7	11942.6	0	0
432.192	1054.5	11989.8	11989.8	11991.6	11989.8	11991.7	0	0
432.292	1054.4	11907.3	11907.4	11909.2	11907.3	11909.3	0	0
432.392	1054.3	11909.5	11909.6	11911.5	11909.5	11911.6	0	0
432.492	1054.2	11931.8	11931.9	11933.9	11931.8	11933.9	0	0
432.592	1054.1	11693.4	11693.5	11695.5	11693.4	11695.6	0	0
432.692	1054	11711.2	11711.3	11713.4	11711.2	11713.5	0	0
432.792	1053.9	11816	11816	11818.2	11816	11818.3	0	0
432.892	1053.8	11729.1	11729.2	11731.4	11729.1	11731.5	0	0
432.992	1053.7	12000.9	12001	12003.3	12000.9	12003.4	0	0
433.092	1053.6	12049.9	12050	12052.4	12049.9	12052.5	0	0
433.192	1053.5	11662.2	11662.3	11664.8	11662.2	11664.9	0	0
433.292	1053.4	11907.3	11907.4	11910	11907.3	11910.1	0	0
433.392	1053.3	11731.3	11731.4	11734.1	11731.3	11734.2	0	0
433.492	1053.2	11849.4	11849.5	11852.3	11849.4	11852.4	0	0
433.592	1053.1	11470.6	11470.7	11473.6	11470.6	11473.7	0	0
433.692	1053	11561.9	11562	11565.1	11561.9	11565.2	0	0
433.792	1052.9	11771.4	11771.5	11774.6	11771.4	11774.7	0	0
433.892	1052.8	11791.4	11791.6	11794.8	11791.4	11794.9	0	0
433.992	1052.7	11615.4	11615.5	11618.9	11615.4	11619	0	0
434.092	1052.6	11684.5	11684.6	11688.1	11684.5	11688.2	0	0
434.192	1052.5	11624.3	11624.4	11628.1	11624.3	11628.3	0	0
434.292	1052.4	11604.3	11604.4	11608.3	11604.3	11608.4	0	0
434.392	1052.3	11744.7	11744.8	11748.8	11744.7	11748.9	0	0
434.492	1052.2	11533	11533.1	11537.3	11533	11537.4	0	0
434.592	1052.1	11700.1	11700.2	11704.6	11700.1	11704.7	0	0
434.692	1052	11829.3	11829.4	11834	11829.3	11834.1	0	0
434.792	1051.9	11575.3	11575.4	11580.1	11575.3	11580.3	0	0
434.892	1051.8	11383.7	11383.8	11388.8	11383.7	11388.9	0	0
434.992	1051.7	11477.3	11477.4	11482.6	11477.3	11482.8	0	0
435.092	1051.6	11749.1	11749.2	11754.8	11749.1	11754.9	0	0
435.192	1051.5	11383.7	11383.8	11389.6	11383.7	11389.8	0	0
435.292	1051.4	11423.8	11423.9	11429.9	11423.8	11430	0	0
435.392	1051.3	11107.4	11107.5	11113.8	11107.4	11113.9	0	0
435.492	1051.2	11303.5	11303.6	11310.2	11303.5	11310.3	0	0
435.592	1051.1	11749.1	11749.2	11756.1	11749.1	11756.3	0	0
435.692	1051	11446.1	11446.2	11453.5	11446.1	11453.6	0	0
435.792	1050.9	11357	11357.1	11364.7	11357	11364.9	0	0
435.892	1050.8	11573.1	11573.2	11581.3	11573.1	11581.4	0	0
435.992	1050.7	11584.2	11584.4	11592.9	11584.2	11593	0	0
436.092	1050.6	11486.2	11486.3	11495.3	11486.2	11495.5	0	0
436.192	1050.5	11339.1	11339.3	11348.8	11339.1	11348.9	0	0
436.292	1050.4	11178.7	11178.8	11188.9	11178.7	11189.1	0	0
436.392	1050.3	11336.9	11337	11347.7	11336.9	11347.9	0	0
436.492	1050.2	11461.7	11461.8	11473.2	11461.7	11473.3	0	0
436.592	1050.1	11357	11357.1	11369.1	11357	11369.3	0	0
436.692	1050	11495.1	11495.2	11508.1	11495.1	11508.2	0	0
436.792	1049.9	11463.9	11464	11477.7	11463.9	11477.8	0	0
436.892	1049.8	11550.8	11550.9	11565.5	11550.8	11565.7	0	0
436.992	1049.7	11506.2	11506.4	11521.9	11506.2	11522.1	0	0
437.092	1049.6	11860.5	11860.7	11877.3	11860.5	11877.5	0	0
437.192	1049.5	11816	11816.1	11833.9	11816	11834.1	0	0
437.292	1049.4	11559.7	11559.9	11579	11559.7	11579.2	0	0
437.392	1049.3	11809.3	11809.4	11830	11809.3	11830.2	0	0
437.492	1049.2	11758	11758.2	11780.4	11758	11780.5	0	0
437.592	1049.1	11715.7	11715.8	11739.8	11715.7	11740	0	0
437.692	1049	11593.1	11593.3	11619.2	11593.1	11619.4	0	0
437.792	1048.9	11789.2	11789.4	11817.5	11789.2	11817.7	0	0
437.892	1048.8	11898.4	11898.6	11929.1	11898.4	11929.3	0	0
437.992	1048.7	11827.1	11789.4	11822.8	11789.3	11822.9	-0.0257142	-1.87343
438.092	1048.6	11642.2	11789.7	11826.1	11789.5	11826.2	1.14295	82.6171
438.192	1048.5	11967.5	11789.9	11829.8	11789.7	11830	-0.841747	-61.6892
438.292	1048.4	12056.6	11790.3	11834.2	11790.1	11834.4	-1.35562	-99.7187
438.392	1048.3	11931.8	11790.5	11839	11790.3	11839.2	-0.568113	-41.5733
438.492	1048.2	11882.8	11790.6	11844.4	11790.5	11844.6	-0.234822	-17.1485
438.592	1048.1	11738	11790.7	11850.6	11790.6	11850.8	0.69745	50.6216
438.692	1048	11838.2	11790.8	11857.8	11790.6	11858	0.121402	8.84906
438.792	1047.9	12163.5	11791.3	11866.7	11791.2	11866.9	-1.80214	-133.151
438.892	1047.8	12101.2	11791.8	11877.1	11791.6	11877.3	-1.36345	-100.48
438.992	1047.7	11936.3	11792	11889.2	11791.8	11889.4	-0.287356	-21.032
439.092	1047.6	12052.1	11792.4	11904.1	11792.2	11904.3	-0.902218	-66.3544
439.192	1047.5	12014.3	11792.7	11922.2	11792.5	11922.4	-0.561715	-41.2469
439.292	1047.4	12072.2	11793.1	11944.6	11792.9	11944.8	-0.776816	-57.1791
439.392	1047.3	12029.9	11793.5	11972.4	11793.3	11972.6	-0.349756	-25.6993
439.492	1047.2	12219.3	11794.1	12007.7	11793.9	12007.9	-1.28064	-94.8364
439.592	1047.1	12524.5	11795.2	12052.8	11795	12053	-2.82254	-211.616
439.692	1047	12549	11796.3	12110.3	11796.1	12110.5	-2.62273	-196.827
439.792	1046.9	12355.2	11797.1	12183.1	11796.9	12183.3	-1.03577	-77.1282
439.892	1046.8	12651.5	11798.3	12277	11798.1	12277.2	-2.22949	-167.998
439.992	1046.7	12615.9	11799.5	12396.4	11799.3	12396.6	-1.30776	-98.4039
440.092	1046.6	12918.9	11801.2	12548.9	11800.9	12549.1	-2.17969	-165.972
440.192	1046.5	12883.2	11802.7	12740.6	11802.5	12740.8	-0.8406	-63.9187
440.292	1046.4	13132.8	11804.7	12980.8	11804.5	12981	-0.88742	-68.1294
440.392	1046.3	13215.2	11806.7	13276.5	11806.5	13276.7	0.35841	27.6022
440.492	1046.2	14122.1	11810.1	13637.8	11809.9	13638	-2.72907	-217.266
440.592	1046.1	14409.5	11813.9	14069.3	11813.7	14069.5	-1.89778	-152.615
440.692	1046	14590	11817.9	14576.1	11817.7	14576.3	-0.0760097	-6.15068
440.792	1045.9	15242.9	11822.9	15158.9	11822.7	15159.2	-0.454145	-37.5625
440.892	1045.8	15911.3	11828.9	15815.1	11828.7	15815.4	-0.509654	-43.068
440.992	1045.7	16613.2	11835.9	16535	11835.6	16535.2	-0.405398	-35.0054
441.092	1045.6	17306.1	11843.8	17303.9	11843.6	17304.2	-0.0101266	-0.89246
441.192	1045.5	17994.7	11852.8	18100.5	11852.5	18100.7	0.529782	47.6097
441.292	1045.4	18863.6	11863	18898.3	11862.7	18898.6	0.170354	15.6744
441.392	1045.3	19471.9	11874.1	19666	11873.8	19666.2	0.932717	87.1929
441.492	1045.2	19824	11885.7	20369.3	11885.4	20369.6	2.5961	244.874
441.592	1045.1	20706.3	11898.5	20976	11898.2	20976.3	1.25681	121.156
441.692	1045	21334.7	11912.2	21454.6	11912	21454.9	0.5513	53.9458
441.792	1044.9	21455	11926.1	21779.3	11925.9	21779.6	1.4846	145.68
441.892	1044.8	21978.6	11940.8	21933.2	11940.5	21933.4	-0.204161	-20.2768
441.992	1044.7	22041	11955.5	21907.5	11955.2	21907.8	-0.60125	-59.7994
442.092	1044.6	21753.6	11969.8	21704.3	11969.5	21704.5	-0.222714	-22.0059
442.192	1044.5	21726.8	11984	21335.9	11983.7	21336.2	-1.77537	-175.313
442.292	1044.4	21185.4	11997.4	20823.4	11997.1	20823.6	-1.66501	-162.354
442.392	1044.3	20670.7	12010	20194.2	12009.7	20194.4	-2.21905	-213.733
442.492	1044.2	19636.8	12021.1	19480.3	12020.8	19480.6	-0.746642	-70.0929
442.592	1044.1	18745.5	12030.9	18715.6	12030.6	18715.9	-0.145087	-13.3078
442.692	1044	18074.9	12039.7	17933.1	12039.4	17933.4	-0.704776	-63.4768
442.792	1043.9	17081.1	12047.1	17161.9	12046.8	17162.2	0.415485	36.3781
442.892	1043.8	16236.6	12053.2	16426.1	12052.9	16426.4	0.997781	85.1745
442.992	1043.7	15599.4	12058.4	15745.1	12058	15745.4	0.783469	65.5544
443.092	1043.6	14886.4	12062.5	15130.4	12062.2	15130.7	1.34179	109.674
443.192	1043.5	14242.4	12065.7	14589.4	12065.3	14589.7	1.94965	155.874
443.292	1043.4	13712.1	12068.1	14122.7	12067.7	14123.1	2.351	184.43
443.392	1043.3	13288.8	12069.8	13729	12069.5	13729.3	2.56028	197.723
443.492	1043.2	13333.3	12071.7	13402.4	12071.4	13402.7	0.402459	31.1328
443.592	1043.1	13123.9	12073.2	13136.3	12072.9	13136.6	0.0742872	5.70127
443.692	1043	12774.1	12074.2	12921.4	12073.9	12921.7	0.875259	66.2716
443.792	1042.9	12776.3	12075.3	12751	12074.9	12751.3	-0.148054	-11.2111
443.892	1042.8	12696.1	12076.2	12616.3	12075.8	12616.7	-0.471946	-35.6249
443.992	1042.7	12337.3	12076.6	12510.8	12076.2	12511.2	1.04844	78.0156
444.092	1042.6	12228.2	12076.8	12428.2	12076.4	12428.5	1.21377	89.9172
444.192	1042.5	12272.7	12077.1	12364	12076.7	12364.4	0.554128	41.1251
444.292	1042.4	12248.2	12077.3	12313.8	12077	12314.1	0.399006	29.583
444.392	1042.3	12335.1	12077.7	12274.7	12077.3	12275	-0.362433	-26.9666
444.492	1042.2	12379.7	12078.2	12243.8	12077.8	12244.2	-0.815656	-60.7979
444.592	1042.1	12228.2	12078.4	12219.2	12078	12219.6	-0.0518105	-3.83817
444.692	1042	12241.5	12078.6	12199.5	12078.2	12199.9	-0.252267	-18.6984
444.792	1041.9	12241.5	12078.9	12183.5	12078.5	12183.9	-0.348717	-25.8474
444.892	1041.8	12237.1	12079.1	12170.5	12078.7	12170.9	-0.400764	-29.6998
444.992	1041.7	11974.2	12079.3	12159.7	12078.9	12160.1	1.13828	83.4446
445.092	1041.6	12232.6	12079.5	12150.7	12079.1	12151.1	-0.493735	-36.583
445.192	1041.5	12130.1	12079.6	12143	12079.2	12143.4	0.0808502	5.96541
445.292	1041.4	11936.3	12079.8	12136.6	12079.4	12137	1.23079	90.0835
445.392	1041.3	11914	12080.1	12131.1	12079.6	12131.5	1.33523	97.6365
445.492	1041.2	12074.4	12080.1	12126.2	12079.6	12126.6	0.318222	23.4255
445.592	1041.1	12250.4	12250.9	12292.7	12250.4	12293.1	0	0
445.692	1041	12165.8	12166.2	12204.2	12165.8	12204.7	0	0
445.792	1040.9	12163.5	12164	12198.7	12163.5	12199.2	0	0
445.892	1040.8	11947.4	11947.9	11979.6	11947.4	11980.1	0	0
445.992	1040.7	11619.9	11620.4	11649.5	11619.9	11650	0	0
446.092	1040.6	12012	12012.5	12039.3	12012	12039.8	0	0
446.192	1040.5	11951.9	11952.4	11977.1	11951.9	11977.6	0	0
446.292	1040.4	11740.2	11740.7	11763.5	11740.2	11764	0	0
446.392	1040.3	11945.2	11945.7	11966.8	11945.2	11967.3	0	0
446.492	1040.2	12161.3	12161.8	12181.4	12161.3	12181.9	0	0
446.592	1040.1	12007.6	12008.1	12026.3	12007.6	12026.8	0	0
446.692	1040	11925.1	11925.7	11942.6	11925.1	11943.1	0	0
446.792	1039.9	11824.9	11825.4	11841.2	11824.9	11841.7	0	0
446.892	1039.8	11876.1	11876.7	11891.4	11876.1	11891.9	0	0
446.992	1039.7	11943	11943.5	11957.3	11943	11957.8	0	0
447.092	1039.6	11829.3	11829.9	11842.7	11829.3	11843.3	0	0
447.192	1039.5	12007.6	12008.2	12020.2	12007.6	12020.8	0	0
447.292	1039.4	11931.8	11932.4	11943.7	11931.8	11944.3	0	0
447.392	1039.3	11816	11816.6	11827.1	11816	11827.7	0	0
447.492	1039.2	11816	11816.6	11826.5	11816	11827.1	0	0
447.592	1039.1	11492.9	11493.5	11502.8	11492.9	11503.5	0	0
447.692	1039	11461.7	11462.3	11471.1	11461.7	11471.7	0	0
447.792	1038.9	11695.6	11696.3	11704.5	11695.6	11705.2	0	0
447.892	1038.8	11617.6	11618.3	11626.1	11617.6	11626.8	0	0
447.992	1038.7	11593.1	11593.8	11601.1	11593.1	11601.8	0	0
448.092	1038.6	11450.5	11451.2	11458.1	11450.5	11458.8	0	0
448.192	1038.5	11515.2	11515.9	11522.4	11515.2	11523.1	0	0
448.292	1038.4	11557.5	11558.2	11564.4	11557.5	11565.1	0	0
448.392	1038.3	11512.9	11513.7	11519.5	11512.9	11520.2	0	0
448.492	1038.2	11564.2	11564.9	11570.4	11564.2	11571.1	0	0
448.592	1038.1	11310.2	11310.9	11316.3	11310.2	11317	0	0
448.692	1038	11365.9	11366.6	11371.7	11365.9	11372.5	0	0
448.792	1037.9	11590.9	11591.7	11596.4	11590.9	11597.2	0	0
448.892	1037.8	11490.6	11491.4	11495.9	11490.6	11496.7	0	0
448.992	1037.7	11082.9	11083.7	11087.8	11082.9	11088.7	0	0
449.092	1037.6	11287.9	11288.7	11292.6	11287.9	11293.5	0	0
449.192	1037.5	11294.6	11295.4	11299.1	11294.6	11300	0	0
449.292	1037.4	11307.9	11308.8	11312.3	11307.9	11313.2	0	0
449.392	1037.3	11207.7	11208.6	11211.9	11207.7	11212.8	0	0
449.492	1037.2	11363.6	11364.5	11367.7	11363.6	11368.6	0	0
449.592	1037.1	11167.6	11168.5	11171.5	11167.6	11172.4	0	0
449.692	1037	11078.4	11079.4	11082.2	11078.4	11083.1	0	0
449.792	1036.9	10971.5	10972.4	10975	10971.5	10976	0	0
449.892	1036.8	10980.4	10981.4	10983.8	10980.4	10984.8	0	0
449.992	1036.7	11060.6	11061.6	11063.9	11060.6	11064.9	0	0
450.092	1036.6	10929.1	10930.2	10932.3	10929.1	10933.3	0	0
450.192	1036.5	10864.5	10865.6	10867.6	10864.5	10868.6	0	0
450.292	1036.4	11051.7	11052.8	11054.7	11051.7	11055.7	0	0
450.392	1036.3	10770.9	10772	10773.8	10770.9	10774.9	0	0
450.492	1036.2	11051.7	11052.8	11054.4	11051.7	11055.6	0	0
450.592	1036.1	10904.6	10905.8	10907.3	10904.6	10908.4	0	0
450.692	1036	10922.5	10923.6	10925	10922.5	10926.2	0	0
450.792	1035.9	10623.9	10625.1	10626.3	10623.9	10627.5	0	0
450.892	1035.8	10971.5	10972.7	10973.8	10971.5	10975.1	0	0
450.992	1035.7	10900.2	10901.4	10902.5	10900.2	10903.7	0	0
451.092	1035.6	10782.1	10783.4	10784.3	10782.1	10785.6	0	0
451.192	1035.5	10898	10899.2	10900.1	10898	10901.4	0	0
451.292	1035.4	10784.3	10785.6	10786.4	10784.3	10787.7	0	0
451.392	1035.3	10494.7	10496	10496.7	10494.7	10498	0	0
451.492	1035.2	10744.2	10745.6	10746.1	10744.2	10747.5	0	0
451.592	1035.1	10661.8	10663.2	10663.6	10661.8	10665.1	0	0
451.692	1035	10525.8	10527.3	10527.6	10525.8	10529.1	0	0
451.792	1034.9	10568.2	10569.7	10569.9	10568.2	10571.4	0	0
451.892	1034.8	10550.4	10551.9	10552.1	10550.4	10553.6	0	0
451.992	1034.7	10367.6	10369.2	10369.3	10367.6	10370.9	0	0
452.092	1034.6	10329.8	10331.4	10331.4	10329.8	10333	0	0
452.192	1034.5	10227.3	10228.9	10228.8	10227.3	10230.5	0	0
452.292	1034.4	10494.7	10496.3	10496.2	10494.7	10497.8	0	0
452.392	1034.3	10336.5	10338.2	10337.9	10336.5	10339.6	0	0
452.492	1034.2	10265.2	10266.9	10266.6	10265.2	10268.3	0	0
452.592	1034.1	10238.4	10240.2	10239.8	10238.4	10241.6	0	0
452.692	1034	10167.1	10169	10168.4	10167.1	10170.3	0	0
452.792	1033.9	10211.7	10213.6	10213	10211.7	10214.9	0	0
452.892	1033.8	10211.7	10213.6	10212.9	10211.7	10214.9	0	0
452.992	1033.7	10162.7	10164.6	10163.9	10162.7	10165.9	0	0
453.092	1033.6	10189.4	10191.4	10190.6	10189.4	10192.6	0	0
453.192	1033.5	10026.7	10028.8	10027.9	10026.7	10030	0	0
453.292	1033.4	10107	10109.1	10108.1	10107	10110.2	0	0
453.392	1033.3	10234	10236.2	10235.1	10234	10237.3	0	0
453.492	1033.2	10049	10051.3	10050.1	10049	10052.4	0	0
453.592	1033.1	9962.12	9964.46	9963.16	9962.12	9965.5	0	0
453.692	1033	9950.98	9953.38	9952	9950.98	9954.39	0	0
453.792	1032.9	9877.45	9879.91	9878.44	9877.45	9880.9	0	0
453.892	1032.8	9908.65	9911.18	9909.61	9908.65	9912.14	0	0
453.992	1032.7	9901.96	9904.57	9902.9	9901.96	9905.51	0	0
454.092	1032.6	9850.71	9853.4	9851.63	9850.71	9854.32	0	0
454.192	1032.5	9783.87	9786.64	9784.76	9783.87	9787.53	0	0
454.292	1032.4	9928.7	9931.55	9929.57	9928.7	9932.42	0	0
454.392	1032.3	9859.63	9862.56	9860.47	9859.63	9863.4	0	0
454.492	1032.2	9728.16	9731.18	9728.99	9728.16	9732	0	0
454.592	1032.1	9583.33	9586.43	9584.14	9583.33	9587.23	0	0
454.692	1032	9743.76	9746.94	9744.55	9743.76	9747.73	0	0
454.792	1031.9	9844.03	9847.32	9844.8	9844.03	9848.09	0	0
454.892	1031.8	9536.54	9539.95	9537.29	9536.54	9540.7	0	0
454.992	1031.7	9732.62	9736.14	9733.35	9732.62	9736.87	0	0
455.092	1031.6	9696.97	9700.6	9697.69	9696.97	9701.32	0	0
455.192	1031.5	9679.14	9682.89	9679.84	9679.14	9683.59	0	0
455.292	1031.4	9525.4	9529.26	9526.08	9525.4	9529.94	0	0
455.392	1031.3	9507.58	9511.55	9508.24	9507.58	9512.22	0	0
455.492	1031.2	9623.44	9627.53	9624.09	9623.44	9628.18	0	0
455.592	1031.1	9623.44	9627.67	9624.08	9623.44	9628.31	0	0
455.692	1031	9503.12	9507.52	9503.74	9503.12	9508.14	0	0
455.792	1030.9	9371.66	9376.22	9372.27	9371.66	9376.83	0	0
455.892	1030.8	9286.99	9291.71	9287.58	9286.99	9292.31	0	0
455.992	1030.7	9460.78	9465.68	9461.37	9460.78	9466.26	0	0
456.092	1030.6	9333.78	9338.84	9334.35	9333.78	9339.4	0	0
456.192	1030.5	9157.75	9162.98	9158.31	9157.75	9163.53	0	0
456.292	1030.4	9271.39	9276.78	9271.94	9271.39	9277.32	0	0
456.392	1030.3	9362.75	9368.3	9363.28	9362.75	9368.83	0	0
456.492	1030.2	9309.27	9315.07	9309.79	9309.27	9315.59	0	0
456.592	1030.1	9148.84	9154.89	9149.36	9148.84	9155.41	0	0
456.692	1030	9059.71	9066.02	9060.22	9059.71	9066.52	0	0
456.792	1029.9	9099.82	9106.37	9100.31	9099.82	9106.87	0	0
456.892	1029.8	9220.14	9226.95	9220.62	9220.14	9227.43	0	0
456.992	1029.7	9041.89	9048.94	9042.36	9041.89	9049.41	0	0
457.092	1029.6	8834.67	8841.98	8835.13	8834.67	8842.44	0	0
457.192	1029.5	9175.58	9183.14	9176.03	9175.58	9183.59	0	0
457.292	1029.4	9246.88	9254.74	9247.33	9246.88	9255.18	0	0
457.392	1029.3	8952.76	8961.02	8953.2	8952.76	8961.46	0	0
457.492	1029.2	8992.87	9001.53	8993.3	8992.87	9001.95	0	0
457.592	1029.1	8863.64	8872.69	8864.06	8863.64	8873.11	0	0
457.692	1029	8943.85	8953.31	8944.26	8943.85	8953.72	0	0
457.792	1028.9	9180.04	9189.89	9180.44	9180.04	9190.3	0	0
457.892	1028.8	8879.23	8889.49	8879.63	8879.23	8889.89	0	0
457.992	1028.7	8999.55	9010.21	8999.94	8999.55	9010.6	0	0
458.092	1028.6	8865.86	8876.93	8866.24	8865.86	8877.31	0	0
458.192	1028.5	8743.32	8754.97	8743.69	8743.32	8755.34	0	0
458.292	1028.4	8877.01	8889.34	8877.37	8877.01	8889.71	0	0
458.392	1028.3	9182.26	9195.28	9182.62	9182.26	9195.64	0	0
458.492	1028.2	8921.57	8935.27	8921.92	8921.57	8935.62	0	0
458.592	1028.1	8647.5	8661.47	8647.85	8647.5	8661.82	0	0
458.692	1028	8825.76	8840.44	8826.1	8825.76	8840.77	0	0
458.792	1027.9	8801.25	8816.69	8801.58	8801.25	8817.02	0	0
458.892	1027.8	9108.73	9124.99	9109.06	9108.73	9125.31	0	0
458.992	1027.7	9055.26	9072.38	9055.58	9055.26	9072.7	0	0
459.092	1027.6	8932.71	8950.77	8933.03	8932.71	8951.08	0	0
459.192	1027.5	8937.17	8956.23	8937.48	8937.17	8956.54	0	0
459.292	1027.4	8881.46	8901.61	8881.77	8881.46	8901.91	0	0
459.392	1027.3	8763.37	8784.68	8763.67	8763.37	8784.98	0	0
459.492	1027.2	8750	8772.57	8750.29	8750	8772.86	0	0
459.592	1027.1	8830.21	8854.14	8830.5	8830.21	8854.43	0	0
459.692	1027	8930.48	8955.88	8930.76	8930.48	8956.17	0	0
459.792	1026.9	8979.5	9006.5	8979.78	8979.5	9006.78	0	0
459.892	1026.8	8997.33	9026.06	8997.6	8997.33	9026.34	0	0
459.992	1026.7	8770.05	8800.68	8770.32	8770.05	8800.95	0	0
460.092	1026.6	8819.07	8851.76	8819.34	8819.07	8852.03	0	0
460.192	1026.5	8999.55	9034.49	8999.82	8999.55	9034.76	0	0
460.292	1026.4	8963.9	9001.31	8964.16	8963.9	9001.57	0	0
460.392	1026.3	8823.53	8863.65	8823.78	8823.53	8863.9	0	0
460.492	1026.2	9010.7	9053.8	9010.94	9010.7	9054.04	0	0
460.592	1026.1	8926.02	8972.42	8926.27	8926.02	8972.66	0	0
460.692	1026	8778.97	8945.48	8895.69	8895.45	8945.72	1.19226	74.8376
460.792	1025.9	8981.73	8949.43	8895.59	8895.35	8949.66	-0.226679	-14.3919
460.892	1025.8	8939.39	8953.88	8895.54	8895.3	8954.11	0.104256	6.60363
460.992	1025.7	8979.5	8958.81	8895.44	8895.21	8959.04	-0.14468	-9.1846
461.092	1025.6	9028.52	8964.3	8895.29	8895.06	8964.52	-0.451221	-28.7226
461.192	1025.5	8957.22	8970.57	8895.22	8895	8970.79	0.0960449	6.08958
461.292	1025.4	8872.55	8977.71	8895.19	8894.97	8977.93	0.749461	47.2933
461.392	1025.3	9186.72	8985.53	8894.86	8894.65	8985.74	-1.40475	-90.1998
461.492	1025.2	9128.79	8994.55	8894.6	8894.39	8994.76	-0.939768	-60.1525
461.592	1025.1	9193.4	9004.88	8894.27	8894.07	9005.09	-1.31576	-84.5164
461.692	1025	8979.5	9017.09	8894.18	8893.97	9017.29	0.267191	16.9619
461.792	1024.9	8986.19	9031.29	8894.07	8893.87	9031.49	0.320163	20.3322
461.892	1024.8	9226.83	9047.7	8893.7	8893.51	9047.9	-1.24791	-80.3037
461.992	1024.7	9193.4	9067.19	8893.37	8893.18	9067.38	-0.880522	-56.5594
462.092	1024.6	9275.85	9090.43	8892.95	8892.76	9090.63	-1.28836	-83.1267
462.192	1024.5	9195.63	9118.69	8892.61	8892.42	9118.88	-0.536193	-34.446
462.292	1024.4	9429.59	9152.97	8892.02	8891.83	9153.15	-1.9071	-124.064
462.392	1024.3	9732.62	9195.16	8891.09	8890.91	9195.34	-3.64848	-241.131
462.492	1024.2	9594.47	9248.16	8890.32	8890.14	9248.34	-2.36734	-155.345
462.592	1024.1	9872.99	9314.73	8889.24	8889.06	9314.91	-3.76273	-250.469
462.692	1024	9944.3	9399.77	8888.08	8887.9	9399.95	-3.65691	-244.302
462.792	1023.9	10316.4	9508.46	8886.51	8886.33	9508.63	-5.32783	-362.527
462.892	1023.8	10189.4	9648.93	8885.07	8884.9	9649.1	-3.58574	-242.482
462.992	1023.7	10479.1	9830.63	8883.32	8883.15	9830.8	-4.24243	-290.939
463.092	1023.6	10637.3	10065	8881.39	8881.23	10065.2	-3.71576	-256.737
463.192	1023.5	11098.5	10366.8	8878.96	8878.79	10367	-4.65158	-328.291
463.292	1023.4	11724.6	10752.5	8875.83	8875.67	10752.7	-6.01312	-436.19
463.392	1023.3	12183.6	11240.5	8872.2	8872.04	11240.6	-5.72328	-423.213
463.492	1023.2	12709.4	11852.6	8867.98	8867.83	11852.7	-5.09103	-384.499
463.592	1023.1	13389	12607.2	8863.02	8862.86	12607.3	-4.52589	-350.837
463.692	1023	14021.8	13522.5	8857.35	8857.2	13522.6	-2.82425	-224.043
463.792	1022.9	15055.7	14613.8	8850.55	8850.4	14614	-2.4118	-198.252
463.892	1022.8	16189.8	15885.1	8842.49	8842.34	15885.3	-1.60351	-136.684
463.992	1022.7	17486.6	17334.1	8833	8832.85	17334.3	-0.771778	-68.371
464.092	1022.6	18997.3	18944.2	8821.84	8821.7	18944.3	-0.257559	-23.7821
464.192	1022.5	20222.8	20683.1	8809.32	8809.18	20683.2	2.16906	206.643
464.292	1022.4	21720.1	22505	8795.15	8795.01	22505.1	3.56818	352.293
464.392	1022.3	23828	24346.3	8778.65	8778.51	24346.4	2.24998	232.675
464.492	1022.2	25450.1	26134.4	8760.34	8760.21	26134.6	2.87444	307.202
464.592	1022.1	27477.7	27785.1	8739.8	8739.66	27785.2	1.24272	138.003
464.692	1022	28502.7	29218.1	8718.1	8717.97	29218.2	2.83935	321.135
464.792	1021.9	30107	30354	8694.62	8694.49	30354.2	0.954499	110.952
464.892	1021.8	31348	31125	8669.75	8669.62	31125.1	-0.843529	-100.053
464.992	1021.7	31408.2	31489.8	8644.79	8644.67	31489.9	0.30891	36.6759
465.092	1021.6	31684.5	31420.6	8619.5	8619.38	31420.7	-0.99265	-118.371
465.192	1021.5	31334.7	30922.3	8594.57	8594.44	30922.4	-1.56012	-185.01
465.292	1021.4	30693	30026.1	8570.31	8570.18	30026.2	-2.54953	-299.23
465.392	1021.3	29848.5	28777.9	8546.95	8546.83	28778	-4.15103	-480.445
465.492	1021.2	27673.8	27252.6	8525.95	8525.83	27252.7	-1.69573	-188.981
465.592	1021.1	25628.3	25528.9	8507.18	8507.06	25529	-0.415694	-44.5821
465.692	1021	23587.3	23689.3	8490.62	8490.51	23689.4	0.445385	45.8249
465.792	1020.9	22074.4	21815.4	8475.71	8475.6	21815.5	-1.16743	-116.199
465.892	1020.8	19732.6	19979.4	8463.35	8463.24	19979.5	1.17741	110.802
465.992	1020.7	17580.2	18240.7	8453.34	8453.23	18240.9	3.33795	296.496
466.092	1020.6	15940.3	16641.5	8445.12	8445.01	16641.6	3.72107	314.733
466.192	1020.5	14527.6	15211.5	8438.45	8438.34	15211.6	3.80147	306.956
466.292	1020.4	13304.4	13963	8433.1	8433	13963.1	3.82581	295.629
466.392	1020.3	12219.3	12896.4	8428.95	8428.84	12896.5	4.10442	303.949
466.492	1020.2	11307.9	12006.1	8425.78	8425.68	12006.3	4.39937	313.407
466.592	1020.1	10996	11273.8	8422.96	8422.86	11273.9	1.77553	124.73
466.692	1020	10820	10681.5	8420.33	8420.23	10681.6	-0.891398	-62.1171
466.792	1019.9	10407.8	10209.8	8418.15	8418.05	10209.9	-1.29947	-88.8116
466.892	1019.8	10093.6	9837.31	8416.31	8416.21	9837.41	-1.70818	-114.969
466.992	1019.7	9812.83	9546.48	8414.77	8414.67	9546.58	-1.80066	-119.496
467.092	1019.6	9554.37	9320.49	8413.52	8413.42	9320.59	-1.60227	-104.921
467.192	1019.5	9516.49	9144.91	8412.31	8412.21	9145	-2.55111	-166.722
467.292	1019.4	9416.22	9008.99	8411.2	8411.11	9009.09	-2.81076	-182.721
467.392	1019.3	9171.12	8903.24	8410.37	8410.28	8903.33	-1.87332	-120.185
467.492	1019.2	9153.3	8820.33	8409.55	8409.46	8820.42	-2.33087	-149.394
467.592	1019.1	9050.8	8755.06	8408.85	8408.76	8755.15	-2.08191	-132.688
467.692	1019	9046.35	8702.94	8408.15	8408.06	8703.03	-2.41818	-154.082
467.792	1018.9	9088.68	8660.91	8407.4	8407.31	8661	-3.00538	-191.945
467.892	1018.8	9006.24	8626.77	8406.74	8406.65	8626.85	-2.67814	-170.268
467.992	1018.7	8992.87	8598.61	8406.1	8406.01	8598.69	-2.78464	-176.907
468.092	1018.6	8810.16	8575.34	8405.65	8405.56	8575.43	-1.67534	-105.346
468.192	1018.5	8774.51	8555.78	8405.24	8405.16	8555.87	-1.56366	-98.1254
468.292	1018.4	8696.52	8539.22	8404.92	8404.84	8539.3	-1.12944	-70.5605
468.392	1018.3	8910.43	8524.8	8404.37	8404.28	8524.89	-2.73621	-173.031
468.492	1018.2	8738.86	8512.48	8404	8403.92	8512.57	-1.6217	-101.56
468.592	1018.1	8605.17	8501.9	8403.78	8403.7	8501.98	-0.745215	-46.3114
468.692	1018	8694.3	8492.54	8403.46	8403.38	8492.63	-1.44895	-90.5099
468.792	1017.9	8620.77	8484.37	8403.22	8403.14	8484.45	-0.983539	-61.1774
468.892	1017.8	8700.98	8477.06	8402.89	8402.81	8477.14	-1.60764	-100.461
468.992	1017.7	8533.87	8470.72	8402.75	8402.67	8470.8	-0.457352	-28.3041
469.092	1017.6	8736.63	8464.85	8402.38	8402.3	8464.93	-1.94738	-121.941
469.192	1017.5	8571.75	8459.75	8402.19	8402.12	8459.83	-0.809835	-50.2294
469.292	1017.4	8622.99	8455.11	8401.95	8401.87	8455.18	-1.21066	-75.3145
469.392	1017.3	8422.46	8451.12	8401.92	8401.85	8451.2	0.209791	12.8983
469.492	1017.2	8380.12	8447.53	8401.9	8401.83	8447.61	0.493856	30.2867
469.592	1017.1	8253.12	8444.15	8401.74	8401.66	8444.22	1.40921	85.765
469.692	1017	8571.75	8611.3	8571.82	8571.75	8611.37	0	0
469.792	1016.9	8952.76	8989.66	8952.83	8952.76	8989.73	0	0
469.892	1016.8	8685.38	8719.86	8685.45	8685.38	8719.93	0	0
469.992	1016.7	8533.87	8566.13	8533.94	8533.87	8566.2	0	0
470.092	1016.6	8540.55	8570.79	8540.62	8540.55	8570.86	0	0
470.192	1016.5	8384.58	8412.96	8384.65	8384.58	8413.03	0	0
470.292	1016.4	8395.72	8422.39	8395.79	8395.72	8422.46	0	0
470.392	1016.3	8549.47	8574.56	8549.53	8549.47	8574.63	0	0
470.492	1016.2	8513.81	8537.46	8513.88	8513.81	8537.53	0	0
470.592	1016.1	8480.39	8502.7	8480.46	8480.39	8502.77	0	0
470.692	1016	8335.56	8356.63	8335.63	8335.56	8356.7	0	0
470.792	1015.9	8295.45	8315.38	8295.52	8295.45	8315.44	0	0
470.892	1015.8	8551.69	8570.55	8551.76	8551.69	8570.61	0	0
470.992	1015.7	8357.84	8375.71	8357.91	8357.84	8375.77	0	0
471.092	1015.6	8328.88	8345.82	8328.94	8328.88	8345.88	0	0
471.192	1015.5	8420.23	8436.32	8420.29	8420.23	8436.38	0	0
471.292	1015.4	8509.36	8524.64	8509.42	8509.36	8524.7	0	0
471.392	1015.3	8435.83	8450.36	8435.89	8435.83	8450.42	0	0
471.492	1015.2	8518.27	8532.1	8518.33	8518.27	8532.16	0	0
471.592	1015.1	8600.71	8614.28	8600.77	8600.71	8614.34	0	0
471.692	1015	8326.65	8339.53	8326.71	8326.65	8339.59	0	0
471.792	1014.9	8460.34	8472.54	8460.4	8460.34	8472.6	0	0
471.892	1014.8	8348.93	8360.45	8348.99	8348.93	8360.51	0	0
471.992	1014.7	8467.02	8478	8467.08	8467.02	8478.06	0	0
472.092	1014.6	8348.93	8359.51	8348.99	8348.93	8359.57	0	0
472.192	1014.5	8340.02	8350.2	8340.07	8340.02	8350.25	0	0
472.292	1014.4	8395.72	8405.5	8395.78	8395.72	8405.56	0	0
472.392	1014.3	8382.35	8391.73	8382.41	8382.35	8391.79	0	0
472.492	1014.2	8360.07	8369.05	8360.13	8360.07	8369.1	0	0
472.592	1014.1	8253.12	8261.7	8253.17	8253.12	8261.75	0	0
472.692	1014	8255.35	8263.52	8255.4	8255.35	8263.58	0	0
472.792	1013.9	8313.28	8321.06	8313.33	8313.28	8321.11	0	0
472.892	1013.8	8522.73	8530.23	8522.78	8522.73	8530.29	0	0
472.992	1013.7	8250.89	8258.15	8250.94	8250.89	8258.2	0	0
473.092	1013.6	8090.46	8097.47	8090.51	8090.46	8097.52	0	0
473.192	1013.5	8192.96	8199.71	8193.01	8192.96	8199.76	0	0
473.292	1013.4	8282.09	8288.59	8282.14	8282.09	8288.64	0	0
473.392	1013.3	8275.4	8281.65	8275.45	8275.4	8281.7	0	0
473.492	1013.2	8516.04	8522.04	8516.09	8516.04	8522.09	0	0
473.592	1013.1	8262.03	8267.78	8262.08	8262.03	8267.83	0	0
473.692	1013	8504.9	8510.42	8504.95	8504.9	8510.47	0	0
473.792	1012.9	8324.42	8329.77	8324.47	8324.42	8329.82	0	0
473.892	1012.8	8395.72	8400.91	8395.77	8395.72	8400.96	0	0
473.992	1012.7	8453.65	8458.68	8453.7	8453.65	8458.72	0	0
474.092	1012.6	8368.98	8373.84	8369.03	8368.98	8373.89	0	0
474.192	1012.5	8567.29	8571.98	8567.34	8567.29	8572.03	0	0
474.292	1012.4	8511.59	8516.11	8511.63	8511.59	8516.16	0	0
474.392	1012.3	8221.93	8226.29	8221.97	8221.93	8226.33	0	0
474.492	1012.2	8268.72	8272.91	8268.76	8268.72	8272.96	0	0
474.592	1012.1	8382.35	8386.42	8382.4	8382.35	8386.46	0	0
474.692	1012	8293.23	8297.18	8293.27	8293.23	8297.22	0	0
474.792	1011.9	8228.61	8232.45	8228.65	8228.61	8232.49	0	0
474.892	1011.8	8221.93	8225.65	8221.97	8221.93	8225.69	0	0
474.992	1011.7	8286.54	8290.15	8286.58	8286.54	8290.19	0	0
475.092	1011.6	8135.03	8138.52	8135.07	8135.03	8138.57	0	0
475.192	1011.5	8288.77	8292.15	8288.81	8288.77	8292.2	0	0
475.292	1011.4	8406.86	8410.13	8406.9	8406.86	8410.17	0	0
475.392	1011.3	8346.7	8349.86	8346.74	8346.7	8349.9	0	0
475.492	1011.2	8333.33	8336.41	8333.37	8333.33	8336.45	0	0