0	9.44597E-7	0.1	0.00115	1	0.01558
0.1	0.00117	0.10018	0.00115	1.00083	0.01561
0.2	0.00236	0.10036	0.00115	1.00167	0.01564
0.3	0.00362	0.10054	0.00116	1.0025	0.01566
0.4	0.00494	0.10072	0.00116	1.00334	0.01569
0.5	0.00639	0.1009	0.00116	1.00418	0.01571
0.6	0.00793	0.10108	0.00116	1.00501	0.01574
0.7	0.00972	0.10126	0.00116	1.00585	0.01577
0.8	0.01203	0.10145	0.00117	1.00669	0.01579
0.9	0.01413	0.10163	0.00117	1.00753	0.01582
1	0.01658	0.10181	0.00117	1.00837	0.01584
1.1	0.01968	0.10199	0.00117	1.00921	0.01587
1.2	0.0223	0.10218	0.00118	1.01006	0.0159
1.3	0.02584	0.10236	0.00118	1.0109	0.01592
1.4	0.02918	0.10254	0.00118	1.01174	0.01595
1.5	0.03304	0.10273	0.00118	1.01258	0.01598
1.6	0.03706	0.10291	0.00118	1.01343	0.016
1.7	0.04264	0.1031	0.00119	1.01427	0.01603
1.8	0.0474	0.10328	0.00119	1.01512	0.01605
1.9	0.05419	0.10347	0.00119	1.01597	0.01608
2	0.06235	0.10365	0.00119	1.01681	0.01611
2.1	0.06968	0.10384	0.0012	1.01766	0.01613
2.2	0.07302	0.10402	0.0012	1.01851	0.01616
2.3	0.08351	0.10421	0.0012	1.01936	0.01619
		0.1044	0.0012	1.02021	0.01621
		0.10459	0.00121	1.02106	0.01624
		0.10477	0.00121	1.02191	0.01627
		0.10496	0.00121	1.02277	0.0163
		0.10515	0.00121	1.02362	0.01632
		0.10534	0.00121	1.02447	0.01635
		0.10553	0.00122	1.02533	0.01638
		0.10572	0.00122	1.02618	0.0164
		0.10591	0.00122	1.02704	0.01643
		0.1061	0.00122	1.0279	0.01646
		0.10629	0.00123	1.02875	0.01649
		0.10648	0.00123	1.02961	0.01651
		0.10667	0.00123	1.03047	0.01654
		0.10686	0.00123	1.03133	0.01657
		0.10705	0.00124	1.03219	0.01659
		0.10725	0.00124	1.03305	0.01662
		0.10744	0.00124	1.03391	0.01665
		0.10763	0.00124	1.03477	0.01668
		0.10782	0.00124	1.03564	0.0167
		0.10802	0.00125	1.0365	0.01673
		0.10821	0.00125	1.03737	0.01676
		0.10841	0.00125	1.03823	0.01679
		0.1086	0.00125	1.0391	0.01682
		0.1088	0.00126	1.03996	0.01684
		0.10899	0.00126	1.04083	0.01687
		0.10919	0.00126	1.0417	0.0169
		0.10938	0.00126	1.04257	0.01693
		0.10958	0.00127	1.04344	0.01696
		0.10978	0.00127	1.04431	0.01698
		0.10997	0.00127	1.04518	0.01701
		0.11017	0.00127	1.04605	0.01704
		0.11037	0.00128	1.04692	0.01707
		0.11057	0.00128	1.0478	0.0171
		0.11076	0.00128	1.04867	0.01712
		0.11096	0.00128	1.04955	0.01715
		0.11116	0.00129	1.05042	0.01718
		0.11136	0.00129	1.0513	0.01721
		0.11156	0.00129	1.05217	0.01724
		0.11176	0.00129	1.05305	0.01727
		0.11196	0.0013	1.05393	0.01729
		0.11216	0.0013	1.05481	0.01732
		0.11236	0.0013	1.05569	0.01735
		0.11257	0.0013	1.05657	0.01738
		0.11277	0.00131	1.05745	0.01741
		0.11297	0.00131	1.05833	0.01744
		0.11317	0.00131	1.05922	0.01747
		0.11338	0.00131	1.0601	0.0175
		0.11358	0.00132	1.06098	0.01753
		0.11378	0.00132	1.06187	0.01755
		0.11399	0.00132	1.06275	0.01758
		0.11419	0.00132	1.06364	0.01761
		0.1144	0.00133	1.06453	0.01764
		0.1146	0.00133	1.06542	0.01767
		0.11481	0.00133	1.0663	0.0177
		0.11502	0.00133	1.06719	0.01773
		0.11522	0.00134	1.06808	0.01776
		0.11543	0.00134	1.06897	0.01779
		0.11564	0.00134	1.06987	0.01782
		0.11584	0.00134	1.07076	0.01785
		0.11605	0.00135	1.07165	0.01788
		0.11626	0.00135	1.07255	0.01791
		0.11647	0.00135	1.07344	0.01794
		0.11668	0.00135	1.07434	0.01797
		0.11689	0.00136	1.07523	0.01799
		0.1171	0.00136	1.07613	0.01802
		0.11731	0.00136	1.07703	0.01805
		0.11752	0.00136	1.07792	0.01808
		0.11773	0.00137	1.07882	0.01811
		0.11794	0.00137	1.07972	0.01814
		0.11815	0.00137	1.08062	0.01817
		0.11836	0.00137	1.08152	0.0182
		0.11858	0.00138	1.08243	0.01823
		0.11879	0.00138	1.08333	0.01826
		0.119	0.00138	1.08423	0.01829
		0.11922	0.00139	1.08514	0.01833
		0.11943	0.00139	1.08604	0.01836
		0.11964	0.00139	1.08695	0.01839
		0.11986	0.00139	1.08786	0.01842
		0.12007	0.0014	1.08876	0.01845
		0.12029	0.0014	1.08967	0.01848
		0.12051	0.0014	1.09058	0.01851
		0.12072	0.0014	1.09149	0.01854
		0.12094	0.00141	1.0924	0.01857
		0.12116	0.00141	1.09331	0.0186
		0.12137	0.00141	1.09422	0.01863
		0.12159	0.00141	1.09514	0.01866
		0.12181	0.00142	1.09605	0.01869
		0.12203	0.00142	1.09696	0.01872
		0.12225	0.00142	1.09788	0.01875
		0.12247	0.00143	1.09879	0.01879
		0.12269	0.00143	1.09971	0.01882
		0.12291	0.00143	1.10063	0.01885
		0.12313	0.00143	1.10155	0.01888
		0.12335	0.00144	1.10246	0.01891
		0.12357	0.00144	1.10338	0.01894
		0.12379	0.00144	1.1043	0.01897
		0.12401	0.00144	1.10523	0.019
		0.12424	0.00145	1.10615	0.01904
		0.12446	0.00145	1.10707	0.01907
		0.12468	0.00145	1.10799	0.0191
		0.12491	0.00146	1.10892	0.01913
		0.12513	0.00146	1.10984	0.01916
		0.12536	0.00146	1.11077	0.01919
		0.12558	0.00146	1.11169	0.01923
		0.12581	0.00147	1.11262	0.01926
		0.12603	0.00147	1.11355	0.01929
		0.12626	0.00147	1.11448	0.01932
		0.12649	0.00147	1.11541	0.01935
		0.12671	0.00148	1.11634	0.01938
		0.12694	0.00148	1.11727	0.01942
		0.12717	0.00148	1.1182	0.01945
		0.1274	0.00149	1.11913	0.01948
		0.12762	0.00149	1.12007	0.01951
		0.12785	0.00149	1.121	0.01955
		0.12808	0.00149	1.12194	0.01958
		0.12831	0.0015	1.12287	0.01961
		0.12854	0.0015	1.12381	0.01964
		0.12877	0.0015	1.12475	0.01968
		0.12901	0.00151	1.12568	0.01971
		0.12924	0.00151	1.12662	0.01974
		0.12947	0.00151	1.12756	0.01977
		0.1297	0.00151	1.1285	0.01981
		0.12993	0.00152	1.12945	0.01984
		0.13017	0.00152	1.13039	0.01987
		0.1304	0.00152	1.13133	0.0199
		0.13064	0.00153	1.13227	0.01994
		0.13087	0.00153	1.13322	0.01997
		0.1311	0.00153	1.13416	0.02
		0.13134	0.00154	1.13511	0.02004
		0.13158	0.00154	1.13606	0.02007
		0.13181	0.00154	1.137	0.0201
		0.13205	0.00154	1.13795	0.02014
		0.13229	0.00155	1.1389	0.02017
		0.13252	0.00155	1.13985	0.0202
		0.13276	0.00155	1.1408	0.02024
		0.133	0.00156	1.14175	0.02027
		0.13324	0.00156	1.14271	0.0203
		0.13348	0.00156	1.14366	0.02034
		0.13372	0.00156	1.14461	0.02037
		0.13396	0.00157	1.14557	0.0204
		0.1342	0.00157	1.14652	0.02044
		0.13444	0.00157	1.14748	0.02047
		0.13468	0.00158	1.14844	0.02051
		0.13492	0.00158	1.14939	0.02054
		0.13516	0.00158	1.15035	0.02057
		0.13541	0.00159	1.15131	0.02061
		0.13565	0.00159	1.15227	0.02064
		0.13589	0.00159	1.15323	0.02068
		0.13614	0.00159	1.1542	0.02071
		0.13638	0.0016	1.15516	0.02074
		0.13663	0.0016	1.15612	0.02078
		0.13687	0.0016	1.15709	0.02081
		0.13712	0.00161	1.15805	0.02085
		0.13736	0.00161	1.15902	0.02088
		0.13761	0.00161	1.15998	0.02092
		0.13786	0.00162	1.16095	0.02095
		0.1381	0.00162	1.16192	0.02099
		0.13835	0.00162	1.16289	0.02102
		0.1386	0.00163	1.16386	0.02106
		0.13885	0.00163	1.16483	0.02109
		0.1391	0.00163	1.1658	0.02113
		0.13935	0.00163	1.16677	0.02116
		0.1396	0.00164	1.16775	0.0212
		0.13985	0.00164	1.16872	0.02123
		0.1401	0.00164	1.1697	0.02127
		0.14035	0.00165	1.17067	0.0213
		0.1406	0.00165	1.17165	0.02134
		0.14086	0.00165	1.17263	0.02137
		0.14111	0.00166	1.1736	0.02141
		0.14136	0.00166	1.17458	0.02144
		0.14162	0.00166	1.17556	0.02148
		0.14187	0.00167	1.17654	0.02151
		0.14212	0.00167	1.17752	0.02155
		0.14238	0.00167	1.17851	0.02158
		0.14264	0.00168	1.17949	0.02162
		0.14289	0.00168	1.18047	0.02166
		0.14315	0.00168	1.18146	0.02169
		0.14341	0.00169	1.18244	0.02173
		0.14366	0.00169	1.18343	0.02176
		0.14392	0.00169	1.18442	0.0218
		0.14418	0.0017	1.1854	0.02184
		0.14444	0.0017	1.18639	0.02187
		0.1447	0.0017	1.18738	0.02191
		0.14496	0.0017	1.18837	0.02194
		0.14522	0.00171	1.18936	0.02198
		0.14548	0.00171	1.19036	0.02202
		0.14574	0.00171	1.19135	0.02205
		0.146	0.00172	1.19234	0.02209
		0.14626	0.00172	1.19334	0.02213
		0.14653	0.00172	1.19433	0.02216
		0.14679	0.00173	1.19533	0.0222
		0.14705	0.00173	1.19633	0.02224
		0.14732	0.00173	1.19732	0.02227
		0.14758	0.00174	1.19832	0.02231
		0.14785	0.00174	1.19932	0.02235
		0.14811	0.00174	1.20032	0.02238
		0.14838	0.00175	1.20132	0.02242
		0.14864	0.00175	1.20232	0.02246
		0.14891	0.00175	1.20333	0.0225
		0.14918	0.00176	1.20433	0.02253
		0.14944	0.00176	1.20534	0.02257
		0.14971	0.00176	1.20634	0.02261
		0.14998	0.00177	1.20735	0.02264
		0.15025	0.00177	1.20835	0.02268
		0.15052	0.00177	1.20936	0.02272
		0.15079	0.00178	1.21037	0.02276
		0.15106	0.00178	1.21138	0.02279
		0.15133	0.00178	1.21239	0.02283
		0.1516	0.00179	1.2134	0.02287
		0.15188	0.00179	1.21441	0.02291
		0.15215	0.0018	1.21543	0.02295
		0.15242	0.0018	1.21644	0.02298
		0.1527	0.0018	1.21746	0.02302
		0.15297	0.00181	1.21847	0.02306
		0.15324	0.00181	1.21949	0.0231
		0.15352	0.00181	1.2205	0.02314
		0.1538	0.00182	1.22152	0.02317
		0.15407	0.00182	1.22254	0.02321
		0.15435	0.00182	1.22356	0.02325
		0.15463	0.00183	1.22458	0.02329
		0.1549	0.00183	1.2256	0.02333
		0.15518	0.00183	1.22663	0.02337
		0.15546	0.00184	1.22765	0.02341
		0.15574	0.00184	1.22867	0.02344
		0.15602	0.00184	1.2297	0.02348
		0.1563	0.00185	1.23072	0.02352
		0.15658	0.00185	1.23175	0.02356
		0.15686	0.00185	1.23278	0.0236
		0.15714	0.00186	1.23381	0.02364
		0.15742	0.00186	1.23483	0.02368
		0.15771	0.00186	1.23586	0.02372
		0.15799	0.00187	1.2369	0.02376
		0.15827	0.00187	1.23793	0.0238
		0.15856	0.00188	1.23896	0.02384
		0.15884	0.00188	1.23999	0.02387
		0.15913	0.00188	1.24103	0.02391
		0.15941	0.00189	1.24206	0.02395
		0.1597	0.00189	1.2431	0.02399
		0.15999	0.00189	1.24414	0.02403
		0.16027	0.0019	1.24517	0.02407
		0.16056	0.0019	1.24621	0.02411
		0.16085	0.0019	1.24725	0.02415
		0.16114	0.00191	1.24829	0.02419
		0.16143	0.00191	1.24933	0.02423
		0.16172	0.00192	1.25037	0.02427
		0.16201	0.00192	1.25142	0.02431
		0.1623	0.00192	1.25246	0.02435
		0.16259	0.00193	1.25351	0.02439
		0.16288	0.00193	1.25455	0.02443
		0.16317	0.00193	1.2556	0.02447
		0.16347	0.00194	1.25665	0.02451
		0.16376	0.00194	1.25769	0.02456
		0.16405	0.00194	1.25874	0.0246
		0.16435	0.00195	1.25979	0.02464
		0.16464	0.00195	1.26084	0.02468
		0.16494	0.00196	1.26189	0.02472
		0.16523	0.00196	1.26295	0.02476
		0.16553	0.00196	1.264	0.0248
		0.16583	0.00197	1.26505	0.02484
		0.16613	0.00197	1.26611	0.02488
		0.16642	0.00197	1.26717	0.02492
		0.16672	0.00198	1.26822	0.02496
		0.16702	0.00198	1.26928	0.02501
		0.16732	0.00199	1.27034	0.02505
		0.16762	0.00199	1.2714	0.02509
		0.16792	0.00199	1.27246	0.02513
		0.16822	0.002	1.27352	0.02517
		0.16853	0.002	1.27458	0.02521
		0.16883	0.002	1.27565	0.02526
		0.16913	0.00201	1.27671	0.0253
		0.16944	0.00201	1.27778	0.02534
		0.16974	0.00202	1.27884	0.02538
		0.17004	0.00202	1.27991	0.02542
		0.17035	0.00202	1.28098	0.02546
		0.17066	0.00203	1.28204	0.02551
		0.17096	0.00203	1.28311	0.02555
		0.17127	0.00204	1.28418	0.02559
		0.17158	0.00204	1.28525	0.02563
		0.17188	0.00204	1.28633	0.02568
		0.17219	0.00205	1.2874	0.02572
		0.1725	0.00205	1.28847	0.02576
		0.17281	0.00206	1.28955	0.0258
		0.17312	0.00206	1.29062	0.02585
		0.17343	0.00206	1.2917	0.02589
		0.17374	0.00207	1.29278	0.02593
		0.17406	0.00207	1.29386	0.02598
		0.17437	0.00207	1.29493	0.02602
		0.17468	0.00208	1.29601	0.02606
		0.175	0.00208	1.2971	0.0261
		0.17531	0.00209	1.29818	0.02615
		0.17562	0.00209	1.29926	0.02619
		0.17594	0.00209	1.30034	0.02623
		0.17626	0.0021	1.30143	0.02628
		0.17657	0.0021	1.30251	0.02632
		0.17689	0.00211	1.3036	0.02636
		0.17721	0.00211	1.30469	0.02641
		0.17752	0.00211	1.30578	0.02645
		0.17784	0.00212	1.30687	0.0265
		0.17816	0.00212	1.30796	0.02654
		0.17848	0.00213	1.30905	0.02658
		0.1788	0.00213	1.31014	0.02663
		0.17912	0.00214	1.31123	0.02667
		0.17944	0.00214	1.31232	0.02672
		0.17977	0.00214	1.31342	0.02676
		0.18009	0.00215	1.31451	0.0268
		0.18041	0.00215	1.31561	0.02685
		0.18074	0.00216	1.31671	0.02689
		0.18106	0.00216	1.31781	0.02694
		0.18139	0.00216	1.31891	0.02698
		0.18171	0.00217	1.32001	0.02703
		0.18204	0.00217	1.32111	0.02707
		0.18237	0.00218	1.32221	0.02712
		0.18269	0.00218	1.32331	0.02716
		0.18302	0.00218	1.32442	0.02721
		0.18335	0.00219	1.32552	0.02725
		0.18368	0.00219	1.32663	0.0273
		0.18401	0.0022	1.32773	0.02734
		0.18434	0.0022	1.32884	0.02739
		0.18467	0.00221	1.32995	0.02743
		0.185	0.00221	1.33106	0.02748
		0.18533	0.00221	1.33217	0.02752
		0.18567	0.00222	1.33328	0.02757
		0.186	0.00222	1.33439	0.02761
		0.18633	0.00223	1.3355	0.02766
		0.18667	0.00223	1.33662	0.02771
		0.187	0.00224	1.33773	0.02775
		0.18734	0.00224	1.33885	0.0278
		0.18767	0.00224	1.33997	0.02784
		0.18801	0.00225	1.34108	0.02789
		0.18835	0.00225	1.3422	0.02794
		0.18869	0.00226	1.34332	0.02798
		0.18903	0.00226	1.34444	0.02803
		0.18936	0.00227	1.34556	0.02807
		0.1897	0.00227	1.34669	0.02812
		0.19005	0.00227	1.34781	0.02817
		0.19039	0.00228	1.34893	0.02821
		0.19073	0.00228	1.35006	0.02826
		0.19107	0.00229	1.35118	0.02831
		0.19141	0.00229	1.35231	0.02835
		0.19176	0.0023	1.35344	0.0284
		0.1921	0.0023	1.35457	0.02845
		0.19245	0.0023	1.3557	0.02849
		0.19279	0.00231	1.35683	0.02854
		0.19314	0.00231	1.35796	0.02859
		0.19348	0.00232	1.35909	0.02864
		0.19383	0.00232	1.36023	0.02868
		0.19418	0.00233	1.36136	0.02873
		0.19453	0.00233	1.3625	0.02878
		0.19488	0.00234	1.36363	0.02883
		0.19523	0.00234	1.36477	0.02887
		0.19558	0.00234	1.36591	0.02892
		0.19593	0.00235	1.36705	0.02897
		0.19628	0.00235	1.36819	0.02902
		0.19663	0.00236	1.36933	0.02907
		0.19699	0.00236	1.37047	0.02911
		0.19734	0.00237	1.37161	0.02916
		0.19769	0.00237	1.37276	0.02921
		0.19805	0.00238	1.3739	0.02926
		0.1984	0.00238	1.37505	0.02931
		0.19876	0.00238	1.3762	0.02936
		0.19912	0.00239	1.37734	0.0294
		0.19947	0.00239	1.37849	0.02945
		0.19983	0.0024	1.37964	0.0295
		0.20019	0.0024	1.38079	0.02955
		0.20055	0.00241	1.38195	0.0296
		0.20091	0.00241	1.3831	0.02965
		0.20127	0.00242	1.38425	0.0297
		0.20163	0.00242	1.38541	0.02975
		0.202	0.00243	1.38656	0.0298
		0.20236	0.00243	1.38772	0.02985
		0.20272	0.00244	1.38888	0.02989
		0.20308	0.00244	1.39003	0.02994
		0.20345	0.00244	1.39119	0.02999
		0.20381	0.00245	1.39235	0.03004
		0.20418	0.00245	1.39352	0.03009
		0.20455	0.00246	1.39468	0.03014
		0.20491	0.00246	1.39584	0.03019
		0.20528	0.00247	1.39701	0.03024
		0.20565	0.00247	1.39817	0.03029
		0.20602	0.00248	1.39934	0.03034
		0.20639	0.00248	1.4005	0.03039
		0.20676	0.00249	1.40167	0.03044
		0.20713	0.00249	1.40284	0.03049
		0.2075	0.0025	1.40401	0.03054
		0.20788	0.0025	1.40518	0.03059
		0.20825	0.00251	1.40635	0.03065
		0.20862	0.00251	1.40753	0.0307
		0.209	0.00252	1.4087	0.03075
		0.20937	0.00252	1.40988	0.0308
		0.20975	0.00253	1.41105	0.03085
		0.21012	0.00253	1.41223	0.0309
		0.2105	0.00253	1.41341	0.03095
		0.21088	0.00254	1.41459	0.031
		0.21126	0.00254	1.41577	0.03105
		0.21164	0.00255	1.41695	0.0311
		0.21202	0.00255	1.41813	0.03116
		0.2124	0.00256	1.41931	0.03121
		0.21278	0.00256	1.4205	0.03126
		0.21316	0.00257	1.42168	0.03131
		0.21354	0.00257	1.42287	0.03136
		0.21393	0.00258	1.42405	0.03141
		0.21431	0.00258	1.42524	0.03147
		0.2147	0.00259	1.42643	0.03152
		0.21508	0.00259	1.42762	0.03157
		0.21547	0.0026	1.42881	0.03162
		0.21585	0.0026	1.43	0.03168
		0.21624	0.00261	1.43119	0.03173
		0.21663	0.00261	1.43239	0.03178
		0.21702	0.00262	1.43358	0.03183
		0.21741	0.00262	1.43478	0.03189
		0.2178	0.00263	1.43598	0.03194
		0.21819	0.00263	1.43717	0.03199
		0.21858	0.00264	1.43837	0.03204
		0.21897	0.00264	1.43957	0.0321
		0.21937	0.00265	1.44077	0.03215
		0.21976	0.00265	1.44197	0.0322
		0.22016	0.00266	1.44318	0.03226
		0.22055	0.00266	1.44438	0.03231
		0.22095	0.00267	1.44559	0.03236
		0.22134	0.00267	1.44679	0.03242
		0.22174	0.00268	1.448	0.03247
		0.22214	0.00268	1.44921	0.03252
		0.22254	0.00269	1.45041	0.03258
		0.22294	0.00269	1.45162	0.03263
		0.22334	0.0027	1.45283	0.03269
		0.22374	0.0027	1.45405	0.03274
		0.22414	0.00271	1.45526	0.03279
		0.22454	0.00271	1.45647	0.03285
		0.22495	0.00272	1.45769	0.0329
		0.22535	0.00273	1.4589	0.03296
		0.22575	0.00273	1.46012	0.03301
		0.22616	0.00274	1.46134	0.03307
		0.22656	0.00274	1.46256	0.03312
		0.22697	0.00275	1.46378	0.03318
		0.22738	0.00275	1.465	0.03323
		0.22779	0.00276	1.46622	0.03329
		0.2282	0.00276	1.46744	0.03334
		0.22861	0.00277	1.46867	0.0334
		0.22902	0.00277	1.46989	0.03345
		0.22943	0.00278	1.47112	0.03351
		0.22984	0.00278	1.47235	0.03356
		0.23025	0.00279	1.47357	0.03362
		0.23066	0.00279	1.4748	0.03367
		0.23108	0.0028	1.47603	0.03373
		0.23149	0.0028	1.47726	0.03379
		0.23191	0.00281	1.4785	0.03384
		0.23233	0.00282	1.47973	0.0339
		0.23274	0.00282	1.48096	0.03395
		0.23316	0.00283	1.4822	0.03401
		0.23358	0.00283	1.48344	0.03407
		0.234	0.00284	1.48467	0.03412
		0.23442	0.00284	1.48591	0.03418
		0.23484	0.00285	1.48715	0.03424
		0.23526	0.00285	1.48839	0.03429
		0.23568	0.00286	1.48963	0.03435
		0.23611	0.00286	1.49087	0.03441
		0.23653	0.00287	1.49212	0.03446
		0.23695	0.00287	1.49336	0.03452
		0.23738	0.00288	1.49461	0.03458
		0.23781	0.00289	1.49585	0.03463
		0.23823	0.00289	1.4971	0.03469
		0.23866	0.0029	1.49835	0.03475
		0.23909	0.0029	1.4996	0.03481
		0.23952	0.00291	1.50085	0.03486
		0.23995	0.00291	1.5021	0.03492
		0.24038	0.00292	1.50336	0.03498
		0.24081	0.00292	1.50461	0.03504
		0.24124	0.00293	1.50587	0.03509
		0.24168	0.00294	1.50712	0.03515
		0.24211	0.00294	1.50838	0.03521
		0.24254	0.00295	1.50964	0.03527
		0.24298	0.00295	1.5109	0.03533
		0.24342	0.00296	1.51216	0.03539
		0.24385	0.00296	1.51342	0.03544
		0.24429	0.00297	1.51468	0.0355
		0.24473	0.00298	1.51594	0.03556
		0.24517	0.00298	1.51721	0.03562
		0.24561	0.00299	1.51847	0.03568
		0.24605	0.00299	1.51974	0.03574
		0.24649	0.003	1.52101	0.0358
		0.24693	0.003	1.52228	0.03586
		0.24738	0.00301	1.52355	0.03592
		0.24782	0.00302	1.52482	0.03598
		0.24827	0.00302	1.52609	0.03604
		0.24871	0.00303	1.52736	0.0361
		0.24916	0.00303	1.52863	0.03615
		0.24961	0.00304	1.52991	0.03621
		0.25005	0.00304	1.53119	0.03627
		0.2505	0.00305	1.53246	0.03633
		0.25095	0.00306	1.53374	0.03639
		0.2514	0.00306	1.53502	0.03646
		0.25185	0.00307	1.5363	0.03652
		0.25231	0.00307	1.53758	0.03658
		0.25276	0.00308	1.53886	0.03664
		0.25321	0.00308	1.54015	0.0367
		0.25367	0.00309	1.54143	0.03676
		0.25412	0.0031	1.54272	0.03682
		0.25458	0.0031	1.54401	0.03688
		0.25504	0.00311	1.54529	0.03694
		0.25549	0.00311	1.54658	0.037
		0.25595	0.00312	1.54787	0.03706
		0.25641	0.00313	1.54916	0.03712
		0.25687	0.00313	1.55046	0.03719
		0.25733	0.00314	1.55175	0.03725
		0.2578	0.00314	1.55304	0.03731
		0.25826	0.00315	1.55434	0.03737
		0.25872	0.00316	1.55563	0.03743
		0.25919	0.00316	1.55693	0.03749
		0.25965	0.00317	1.55823	0.03756
		0.26012	0.00317	1.55953	0.03762
		0.26058	0.00318	1.56083	0.03768
		0.26105	0.00319	1.56213	0.03774
		0.26152	0.00319	1.56344	0.03781
		0.26199	0.0032	1.56474	0.03787
		0.26246	0.0032	1.56605	0.03793
		0.26293	0.00321	1.56735	0.03799
		0.2634	0.00322	1.56866	0.03806
		0.26388	0.00322	1.56997	0.03812
		0.26435	0.00323	1.57128	0.03818
		0.26483	0.00324	1.57259	0.03825
		0.2653	0.00324	1.5739	0.03831
		0.26578	0.00325	1.57521	0.03837
		0.26625	0.00325	1.57653	0.03844
		0.26673	0.00326	1.57784	0.0385
		0.26721	0.00327	1.57916	0.03856
		0.26769	0.00327	1.58047	0.03863
		0.26817	0.00328	1.58179	0.03869
		0.26865	0.00329	1.58311	0.03875
		0.26913	0.00329	1.58443	0.03882
		0.26962	0.0033	1.58575	0.03888
		0.2701	0.0033	1.58708	0.03895
		0.27059	0.00331	1.5884	0.03901
		0.27107	0.00332	1.58972	0.03908
		0.27156	0.00332	1.59105	0.03914
		0.27205	0.00333	1.59238	0.03921
		0.27253	0.00334	1.59371	0.03927
		0.27302	0.00334	1.59504	0.03934
		0.27351	0.00335	1.59637	0.0394
		0.27401	0.00335	1.5977	0.03947
		0.2745	0.00336	1.59903	0.03953
		0.27499	0.00337	1.60036	0.0396
		0.27548	0.00337	1.6017	0.03966
		0.27598	0.00338	1.60303	0.03973
		0.27647	0.00339	1.60437	0.03979
		0.27697	0.00339	1.60571	0.03986
		0.27747	0.0034	1.60705	0.03993
		0.27797	0.00341	1.60839	0.03999
		0.27846	0.00341	1.60973	0.04006
		0.27896	0.00342	1.61107	0.04012
		0.27946	0.00343	1.61242	0.04019
		0.27997	0.00343	1.61376	0.04026
		0.28047	0.00344	1.61511	0.04032
		0.28097	0.00345	1.61646	0.04039
		0.28148	0.00345	1.6178	0.04046
		0.28198	0.00346	1.61915	0.04052
		0.28249	0.00347	1.6205	0.04059
		0.283	0.00347	1.62186	0.04066
		0.2835	0.00348	1.62321	0.04073
		0.28401	0.00349	1.62456	0.04079
		0.28452	0.00349	1.62592	0.04086
		0.28503	0.0035	1.62727	0.04093
		0.28554	0.00351	1.62863	0.041
		0.28606	0.00351	1.62999	0.04106
		0.28657	0.00352	1.63135	0.04113
		0.28709	0.00353	1.63271	0.0412
		0.2876	0.00353	1.63407	0.04127
		0.28812	0.00354	1.63543	0.04134
		0.28863	0.00355	1.6368	0.0414
		0.28915	0.00355	1.63816	0.04147
		0.28967	0.00356	1.63953	0.04154
		0.29019	0.00357	1.6409	0.04161
		0.29071	0.00357	1.64227	0.04168
		0.29123	0.00358	1.64364	0.04175
		0.29176	0.00359	1.64501	0.04182
		0.29228	0.00359	1.64638	0.04189
		0.29281	0.0036	1.64775	0.04196
		0.29333	0.00361	1.64913	0.04203
		0.29386	0.00361	1.6505	0.04209
		0.29439	0.00362	1.65188	0.04216
		0.29491	0.00363	1.65326	0.04223
		0.29544	0.00363	1.65464	0.0423
		0.29597	0.00364	1.65602	0.04237
		0.2965	0.00365	1.6574	0.04244
		0.29704	0.00366	1.65878	0.04251
		0.29757	0.00366	1.66016	0.04258
		0.2981	0.00367	1.66155	0.04266
		0.29864	0.00368	1.66293	0.04273
		0.29918	0.00368	1.66432	0.0428
		0.29971	0.00369	1.66571	0.04287
		0.30025	0.0037	1.6671	0.04294
		0.30079	0.0037	1.66849	0.04301
		0.30133	0.00371	1.66988	0.04308
		0.30187	0.00372	1.67127	0.04315
		0.30241	0.00373	1.67267	0.04322
		0.30296	0.00373	1.67406	0.04329
		0.3035	0.00374	1.67546	0.04337
		0.30404	0.00375	1.67686	0.04344
		0.30459	0.00375	1.67825	0.04351
		0.30514	0.00376	1.67965	0.04358
		0.30568	0.00377	1.68106	0.04365
		0.30623	0.00378	1.68246	0.04373
		0.30678	0.00378	1.68386	0.0438
		0.30733	0.00379	1.68527	0.04387
		0.30789	0.0038	1.68667	0.04394
		0.30844	0.0038	1.68808	0.04402
		0.30899	0.00381	1.68949	0.04409
		0.30955	0.00382	1.6909	0.04416
		0.3101	0.00383	1.69231	0.04424
		0.31066	0.00383	1.69372	0.04431
		0.31122	0.00384	1.69513	0.04438
		0.31178	0.00385	1.69654	0.04446
		0.31234	0.00386	1.69796	0.04453
		0.3129	0.00386	1.69937	0.0446
		0.31346	0.00387	1.70079	0.04468
		0.31402	0.00388	1.70221	0.04475
		0.31458	0.00389	1.70363	0.04482
		0.31515	0.00389	1.70505	0.0449
		0.31571	0.0039	1.70647	0.04497
		0.31628	0.00391	1.7079	0.04505
		0.31685	0.00391	1.70932	0.04512
		0.31742	0.00392	1.71075	0.0452
		0.31799	0.00393	1.71217	0.04527
		0.31856	0.00394	1.7136	0.04535
		0.31913	0.00394	1.71503	0.04542
		0.3197	0.00395	1.71646	0.0455
		0.32028	0.00396	1.71789	0.04557
		0.32085	0.00397	1.71933	0.04565
		0.32143	0.00398	1.72076	0.04572
		0.322	0.00398	1.7222	0.0458
		0.32258	0.00399	1.72363	0.04587
		0.32316	0.004	1.72507	0.04595
		0.32374	0.00401	1.72651	0.04603
		0.32432	0.00401	1.72795	0.0461
		0.32491	0.00402	1.72939	0.04618
		0.32549	0.00403	1.73083	0.04625
		0.32607	0.00404	1.73228	0.04633
		0.32666	0.00404	1.73372	0.04641
		0.32724	0.00405	1.73517	0.04648
		0.32783	0.00406	1.73661	0.04656
		0.32842	0.00407	1.73806	0.04664
		0.32901	0.00407	1.73951	0.04672
		0.3296	0.00408	1.74096	0.04679
		0.33019	0.00409	1.74242	0.04687
		0.33079	0.0041	1.74387	0.04695
		0.33138	0.00411	1.74532	0.04703
		0.33197	0.00411	1.74678	0.0471
		0.33257	0.00412	1.74824	0.04718
		0.33317	0.00413	1.74969	0.04726
		0.33377	0.00414	1.75115	0.04734
		0.33436	0.00415	1.75261	0.04742
		0.33496	0.00415	1.75408	0.04749
		0.33557	0.00416	1.75554	0.04757
		0.33617	0.00417	1.757	0.04765
		0.33677	0.00418	1.75847	0.04773
		0.33738	0.00419	1.75994	0.04781
		0.33798	0.00419	1.7614	0.04789
		0.33859	0.0042	1.76287	0.04797
		0.3392	0.00421	1.76434	0.04805
		0.33981	0.00422	1.76582	0.04813
		0.34042	0.00423	1.76729	0.04821
		0.34103	0.00423	1.76876	0.04829
		0.34164	0.00424	1.77024	0.04837
		0.34225	0.00425	1.77171	0.04845
		0.34287	0.00426	1.77319	0.04853
		0.34348	0.00427	1.77467	0.04861
		0.3441	0.00427	1.77615	0.04869
		0.34472	0.00428	1.77763	0.04877
		0.34534	0.00429	1.77912	0.04885
		0.34596	0.0043	1.7806	0.04893
		0.34658	0.00431	1.78208	0.04901
		0.3472	0.00431	1.78357	0.04909
		0.34782	0.00432	1.78506	0.04917
		0.34845	0.00433	1.78655	0.04925
		0.34907	0.00434	1.78804	0.04934
		0.3497	0.00435	1.78953	0.04942
		0.35033	0.00436	1.79102	0.0495
		0.35095	0.00436	1.79252	0.04958
		0.35158	0.00437	1.79401	0.04966
		0.35222	0.00438	1.79551	0.04975
		0.35285	0.00439	1.797	0.04983
		0.35348	0.0044	1.7985	0.04991
		0.35412	0.00441	1.8	0.04999
		0.35475	0.00441	1.80151	0.05008
		0.35539	0.00442	1.80301	0.05016
		0.35603	0.00443	1.80451	0.05024
		0.35667	0.00444	1.80602	0.05032
		0.35731	0.00445	1.80752	0.05041
		0.35795	0.00446	1.80903	0.05049
		0.35859	0.00447	1.81054	0.05057
		0.35923	0.00447	1.81205	0.05066
		0.35988	0.00448	1.81356	0.05074
		0.36052	0.00449	1.81507	0.05083
		0.36117	0.0045	1.81659	0.05091
		0.36182	0.00451	1.8181	0.05099
		0.36247	0.00452	1.81962	0.05108
		0.36312	0.00453	1.82114	0.05116
		0.36377	0.00453	1.82266	0.05125
		0.36443	0.00454	1.82418	0.05133
		0.36508	0.00455	1.8257	0.05142
		0.36573	0.00456	1.82722	0.0515
		0.36639	0.00457	1.82874	0.05159
		0.36705	0.00458	1.83027	0.05167
		0.36771	0.00459	1.8318	0.05176
		0.36837	0.00459	1.83332	0.05184
		0.36903	0.0046	1.83485	0.05193
		0.36969	0.00461	1.83638	0.05202
		0.37036	0.00462	1.83792	0.0521
		0.37102	0.00463	1.83945	0.05219
		0.37169	0.00464	1.84098	0.05227
		0.37235	0.00465	1.84252	0.05236
		0.37302	0.00466	1.84406	0.05245
		0.37369	0.00467	1.84559	0.05253
		0.37436	0.00467	1.84713	0.05262
		0.37503	0.00468	1.84867	0.05271
		0.37571	0.00469	1.85022	0.0528
		0.37638	0.0047	1.85176	0.05288
		0.37706	0.00471	1.8533	0.05297
		0.37774	0.00472	1.85485	0.05306
		0.37841	0.00473	1.8564	0.05315
		0.37909	0.00474	1.85794	0.05323
		0.37977	0.00475	1.85949	0.05332
		0.38045	0.00476	1.86105	0.05341
		0.38114	0.00476	1.8626	0.0535
		0.38182	0.00477	1.86415	0.05359
		0.38251	0.00478	1.86571	0.05368
		0.38319	0.00479	1.86726	0.05377
		0.38388	0.0048	1.86882	0.05385
		0.38457	0.00481	1.87038	0.05394
		0.38526	0.00482	1.87194	0.05403
		0.38595	0.00483	1.8735	0.05412
		0.38665	0.00484	1.87506	0.05421
		0.38734	0.00485	1.87663	0.0543
		0.38804	0.00486	1.87819	0.05439
		0.38873	0.00487	1.87976	0.05448
		0.38943	0.00487	1.88133	0.05457
		0.39013	0.00488	1.8829	0.05466
		0.39083	0.00489	1.88447	0.05475
		0.39153	0.0049	1.88604	0.05484
		0.39223	0.00491	1.88761	0.05493
		0.39294	0.00492	1.88919	0.05502
		0.39364	0.00493	1.89076	0.05512
		0.39435	0.00494	1.89234	0.05521
		0.39506	0.00495	1.89392	0.0553
		0.39577	0.00496	1.8955	0.05539
		0.39648	0.00497	1.89708	0.05548
		0.39719	0.00498	1.89866	0.05557
		0.3979	0.00499	1.90024	0.05566
		0.39862	0.005	1.90183	0.05576
		0.39933	0.00501	1.90341	0.05585
		0.40005	0.00502	1.905	0.05594
		0.40077	0.00503	1.90659	0.05603
		0.40149	0.00504	1.90818	0.05613
		0.40221	0.00504	1.90977	0.05622
		0.40293	0.00505	1.91137	0.05631
		0.40365	0.00506	1.91296	0.05641
		0.40438	0.00507	1.91456	0.0565
		0.4051	0.00508	1.91615	0.05659
		0.40583	0.00509	1.91775	0.05669
		0.40656	0.0051	1.91935	0.05678
		0.40729	0.00511	1.92095	0.05687
		0.40802	0.00512	1.92255	0.05697
		0.40875	0.00513	1.92416	0.05706
		0.40949	0.00514	1.92576	0.05716
		0.41022	0.00515	1.92737	0.05725
		0.41096	0.00516	1.92898	0.05735
		0.4117	0.00517	1.93059	0.05744
		0.41243	0.00518	1.9322	0.05754
		0.41317	0.00519	1.93381	0.05763
		0.41392	0.0052	1.93542	0.05773
		0.41466	0.00521	1.93703	0.05782
		0.4154	0.00522	1.93865	0.05792
		0.41615	0.00523	1.94027	0.05801
		0.4169	0.00524	1.94189	0.05811
		0.41765	0.00525	1.94351	0.05821
		0.41839	0.00526	1.94513	0.0583
		0.41915	0.00527	1.94675	0.0584
		0.4199	0.00528	1.94837	0.0585
		0.42065	0.00529	1.95	0.05859
		0.42141	0.0053	1.95162	0.05869
		0.42216	0.00531	1.95325	0.05879
		0.42292	0.00532	1.95488	0.05888
		0.42368	0.00533	1.95651	0.05898
		0.42444	0.00534	1.95814	0.05908
		0.4252	0.00535	1.95978	0.05918
		0.42597	0.00536	1.96141	0.05927
		0.42673	0.00537	1.96305	0.05937
		0.4275	0.00538	1.96468	0.05947
		0.42826	0.00539	1.96632	0.05957
		0.42903	0.0054	1.96796	0.05967
		0.4298	0.00541	1.9696	0.05977
		0.43058	0.00542	1.97125	0.05987
		0.43135	0.00543	1.97289	0.05996
		0.43212	0.00544	1.97454	0.06006
		0.4329	0.00546	1.97618	0.06016
		0.43368	0.00547	1.97783	0.06026
		0.43445	0.00548	1.97948	0.06036
		0.43523	0.00549	1.98113	0.06046
		0.43602	0.0055	1.98279	0.06056
		0.4368	0.00551	1.98444	0.06066
		0.43758	0.00552	1.98609	0.06076
		0.43837	0.00553	1.98775	0.06086
		0.43915	0.00554	1.98941	0.06096
		0.43994	0.00555	1.99107	0.06106
		0.44073	0.00556	1.99273	0.06117
		0.44152	0.00557	1.99439	0.06127
		0.44232	0.00558	1.99606	0.06137
		0.44311	0.00559	1.99772	0.06147
		0.44391	0.0056	1.99939	0.06157
		0.4447	0.00561	2.00105	0.06167
		0.4455	0.00562	2.00272	0.06178
		0.4463	0.00563	2.00439	0.06188
		0.4471	0.00565	2.00607	0.06198
		0.4479	0.00566	2.00774	0.06208
		0.44871	0.00567	2.00941	0.06219
		0.44951	0.00568	2.01109	0.06229
		0.45032	0.00569	2.01277	0.06239
		0.45113	0.0057	2.01445	0.06249
		0.45194	0.00571	2.01613	0.0626
		0.45275	0.00572	2.01781	0.0627
		0.45356	0.00573	2.01949	0.06281
		0.45438	0.00574	2.02117	0.06291
		0.45519	0.00575	2.02286	0.06301
		0.45601	0.00577	2.02455	0.06312
		0.45683	0.00578	2.02624	0.06322
		0.45765	0.00579	2.02793	0.06333
		0.45847	0.0058	2.02962	0.06343
		0.45929	0.00581	2.03131	0.06354
		0.46012	0.00582	2.03301	0.06364
		0.46094	0.00583	2.0347	0.06375
		0.46177	0.00584	2.0364	0.06385
		0.4626	0.00585	2.0381	0.06396
		0.46343	0.00586	2.0398	0.06406
		0.46426	0.00588	2.0415	0.06417
		0.4651	0.00589	2.0432	0.06428
		0.46593	0.0059	2.04491	0.06438
		0.46677	0.00591	2.04661	0.06449
		0.46761	0.00592	2.04832	0.0646
		0.46845	0.00593	2.05003	0.0647
		0.46929	0.00594	2.05174	0.06481
		0.47013	0.00596	2.05345	0.06492
		0.47097	0.00597	2.05516	0.06502
		0.47182	0.00598	2.05687	0.06513
		0.47267	0.00599	2.05859	0.06524
		0.47351	0.006	2.06031	0.06535
		0.47436	0.00601	2.06203	0.06546
		0.47522	0.00602	2.06375	0.06556
		0.47607	0.00604	2.06547	0.06567
		0.47692	0.00605	2.06719	0.06578
		0.47778	0.00606	2.06891	0.06589
		0.47864	0.00607	2.07064	0.066
		0.4795	0.00608	2.07237	0.06611
		0.48036	0.00609	2.0741	0.06622
		0.48122	0.0061	2.07583	0.06633
		0.48208	0.00612	2.07756	0.06644
		0.48295	0.00613	2.07929	0.06655
		0.48382	0.00614	2.08102	0.06666
		0.48468	0.00615	2.08276	0.06677
		0.48555	0.00616	2.0845	0.06688
		0.48643	0.00617	2.08624	0.06699
		0.4873	0.00619	2.08798	0.0671
		0.48817	0.0062	2.08972	0.06721
		0.48905	0.00621	2.09146	0.06732
		0.48993	0.00622	2.0932	0.06743
		0.49081	0.00623	2.09495	0.06754
		0.49169	0.00625	2.0967	0.06766
		0.49257	0.00626	2.09845	0.06777
		0.49346	0.00627	2.1002	0.06788
		0.49434	0.00628	2.10195	0.06799
		0.49523	0.00629	2.1037	0.06811
		0.49612	0.00631	2.10546	0.06822
		0.49701	0.00632	2.10721	0.06833
		0.4979	0.00633	2.10897	0.06844
		0.49879	0.00634	2.11073	0.06856
		0.49969	0.00635	2.11249	0.06867
		0.50059	0.00637	2.11425	0.06878
		0.50149	0.00638	2.11602	0.0689
		0.50239	0.00639	2.11778	0.06901
		0.50329	0.0064	2.11955	0.06913
		0.50419	0.00641	2.12131	0.06924
		0.5051	0.00643	2.12308	0.06936
		0.506	0.00644	2.12485	0.06947
		0.50691	0.00645	2.12663	0.06959
		0.50782	0.00646	2.1284	0.0697
		0.50873	0.00648	2.13018	0.06982
		0.50965	0.00649	2.13195	0.06993
		0.51056	0.0065	2.13373	0.07005
		0.51148	0.00651	2.13551	0.07016
		0.5124	0.00653	2.13729	0.07028
		0.51332	0.00654	2.13908	0.0704
		0.51424	0.00655	2.14086	0.07051
		0.51516	0.00656	2.14264	0.07063
		0.51608	0.00658	2.14443	0.07075
		0.51701	0.00659	2.14622	0.07086
		0.51794	0.0066	2.14801	0.07098
		0.51887	0.00661	2.1498	0.0711
		0.5198	0.00663	2.1516	0.07121
		0.52073	0.00664	2.15339	0.07133
		0.52167	0.00665	2.15519	0.07145
		0.52261	0.00666	2.15698	0.07157
		0.52354	0.00668	2.15878	0.07169
		0.52448	0.00669	2.16058	0.07181
		0.52542	0.0067	2.16239	0.07192
		0.52637	0.00672	2.16419	0.07204
		0.52731	0.00673	2.16599	0.07216
		0.52826	0.00674	2.1678	0.07228
		0.52921	0.00675	2.16961	0.0724
		0.53016	0.00677	2.17142	0.07252
		0.53111	0.00678	2.17323	0.07264
		0.53206	0.00679	2.17504	0.07276
		0.53302	0.00681	2.17686	0.07288
		0.53397	0.00682	2.17867	0.073
		0.53493	0.00683	2.18049	0.07312
		0.53589	0.00684	2.18231	0.07324
		0.53686	0.00686	2.18413	0.07337
		0.53782	0.00687	2.18595	0.07349
		0.53878	0.00688	2.18777	0.07361
		0.53975	0.0069	2.1896	0.07373
		0.54072	0.00691	2.19143	0.07385
		0.54169	0.00692	2.19325	0.07397
		0.54266	0.00694	2.19508	0.0741
		0.54364	0.00695	2.19691	0.07422
		0.54461	0.00696	2.19875	0.07434
		0.54559	0.00698	2.20058	0.07447
		0.54657	0.00699	2.20242	0.07459
		0.54755	0.007	2.20425	0.07471
		0.54854	0.00702	2.20609	0.07484
		0.54952	0.00703	2.20793	0.07496
		0.55051	0.00704	2.20977	0.07508
		0.55149	0.00706	2.21162	0.07521
		0.55248	0.00707	2.21346	0.07533
		0.55348	0.00708	2.21531	0.07546
		0.55447	0.0071	2.21715	0.07558
		0.55547	0.00711	2.219	0.07571
		0.55646	0.00712	2.22085	0.07583
		0.55746	0.00714	2.22271	0.07596
		0.55846	0.00715	2.22456	0.07608
		0.55947	0.00716	2.22642	0.07621
		0.56047	0.00718	2.22827	0.07634
		0.56148	0.00719	2.23013	0.07646
		0.56248	0.00721	2.23199	0.07659
		0.56349	0.00722	2.23385	0.07672
		0.5645	0.00723	2.23572	0.07684
		0.56552	0.00725	2.23758	0.07697
		0.56653	0.00726	2.23945	0.0771
		0.56755	0.00727	2.24132	0.07722
		0.56857	0.00729	2.24319	0.07735
		0.56959	0.0073	2.24506	0.07748
		0.57061	0.00732	2.24693	0.07761
		0.57164	0.00733	2.2488	0.07774
		0.57266	0.00734	2.25068	0.07787
		0.57369	0.00736	2.25256	0.07799
		0.57472	0.00737	2.25443	0.07812
		0.57575	0.00739	2.25632	0.07825
		0.57679	0.0074	2.2582	0.07838
		0.57782	0.00741	2.26008	0.07851
		0.57886	0.00743	2.26197	0.07864
		0.5799	0.00744	2.26385	0.07877
		0.58094	0.00746	2.26574	0.0789
		0.58198	0.00747	2.26763	0.07903
		0.58303	0.00749	2.26952	0.07916
		0.58407	0.0075	2.27141	0.07929
		0.58512	0.00751	2.27331	0.07943
		0.58617	0.00753	2.27521	0.07956
		0.58722	0.00754	2.2771	0.07969
		0.58828	0.00756	2.279	0.07982
		0.58933	0.00757	2.2809	0.07995
		0.59039	0.00759	2.28281	0.08008
		0.59145	0.0076	2.28471	0.08022
		0.59251	0.00762	2.28662	0.08035
		0.59358	0.00763	2.28852	0.08048
		0.59464	0.00764	2.29043	0.08062
		0.59571	0.00766	2.29234	0.08075
		0.59678	0.00767	2.29425	0.08088
		0.59785	0.00769	2.29617	0.08102
		0.59892	0.0077	2.29808	0.08115
		0.6	0.00772	2.3	0.08129