?
20.00009 179
20.02053 181
20.04096 201
20.06140 174
20.08183 189
20.10227 203
20.12270 187
20.14314 183
20.16357 212
20.18401 212
20.20444 185
20.22488 182
20.24531 194
20.26575 177
20.28618 172
20.30662 178
20.32705 174
20.34749 184
20.36792 172
20.38835 180
20.40879 186
20.42923 176
20.44966 175
20.47009 174
20.49053 168
20.51096 176
20.53140 172
20.55183 162
20.57227 174
20.59270 183
20.61314 182
20.63357 180
20.65401 176
20.67444 172
20.69488 172
20.71531 196
20.73575 190
20.75618 190
20.77662 167
20.79705 153
20.81749 190
20.83792 188
20.85836 176
20.87879 171
20.89922 196
20.91966 166
20.94009 197
20.96053 195
20.98096 197
21.00140 179
21.02183 183
21.04227 170
21.06270 182
21.08314 174
21.10357 181
21.12401 174
21.14444 167
21.16488 184
21.18531 178
21.20575 194
21.22618 172
21.24662 174
21.26705 181
21.28748 171
21.30792 160
21.32836 185
21.34879 165
21.36922 180
21.38966 155
21.41009 183
21.43053 176
21.45096 168
21.47140 183
21.49183 178
21.51227 175
21.53270 184
21.55314 181
21.57357 192
21.59401 180
21.61444 157
21.63488 176
21.65531 159
21.67575 144
21.69618 195
21.71661 176
21.73705 168
21.75749 162
21.77792 189
21.79835 192
21.81879 183
21.83922 160
21.85966 183
21.88009 178
21.90053 170
21.92096 181
21.94140 170
21.96183 155
21.98227 143
22.00270 169
22.02314 157
22.04357 190
22.06401 178
22.08444 180
22.10488 161
22.12531 187
22.14575 181
22.16618 177
22.18661 160
22.20705 161
22.22748 157
22.24792 174
22.26835 172
22.28879 150
22.30922 178
22.32966 157
22.35009 200
22.37053 171
22.39096 166
22.41140 169
22.43183 189
22.45227 164
22.47270 164
22.49314 186
22.51357 160
22.53401 177
22.55444 144
22.57488 173
22.59531 163
22.61574 152
22.63618 174
22.65662 173
22.67705 171
22.69748 162
22.71792 183
22.73835 143
22.75879 177
22.77922 161
22.79966 180
22.82009 169
22.84053 167
22.86096 204
22.88140 152
22.90183 165
22.92227 148
22.94270 156
22.96314 164
22.98357 161
23.00401 163
23.02444 132
23.04488 167
23.06531 163
23.08574 156
23.10618 149
23.12661 159
23.14705 172
23.16748 158
23.18792 155
23.20835 182
23.22879 167
23.24922 150
23.26966 162
23.29009 171
23.31053 166
23.33096 145
23.35140 167
23.37183 170
23.39227 177
23.41270 159
23.43314 193
23.45357 169
23.47401 173
23.49444 170
23.51487 200
23.53531 154
23.55575 167
23.57618 174
23.59661 174
23.61705 152
23.63748 173
23.65792 179
23.67835 149
23.69879 166
23.71922 180
23.73966 150
23.76009 156
23.78053 171
23.80096 156
23.82140 155
23.84183 156
23.86227 144
23.88270 163
23.90314 159
23.92357 184
23.94401 168
23.96444 170
23.98487 136
24.00531 172
24.02574 161
24.04618 182
24.06661 159
24.08705 160
24.10748 159
24.12792 176
24.14835 166
24.16879 160
24.18922 157
24.20966 177
24.23009 170
24.25053 172
24.27096 161
24.29140 165
24.31183 170
24.33227 154
24.35270 155
24.37314 171
24.39357 148
24.41400 173
24.43444 177
24.45488 153
24.47531 175
24.49574 154
24.51618 154
24.53661 154
24.55705 184
24.57748 174
24.59792 159
24.61835 164
24.63879 191
24.65922 174
24.67966 154
24.70009 186
24.72053 151
24.74096 176
24.7614  142
24.78183 151
24.80227 168
24.82270 162
24.84314 169
24.86357 161
24.88401 160
24.90444 152
24.92487 162
24.94531 185
24.96574 179
24.98618 172
25.00661 159
25.02705 152
25.04748 177
25.06792 170
25.08835 162
25.10879 160
25.12922 148
25.14966 184
25.17009 177
25.19053 151
25.21096 146
25.2314  168
25.25183 144
25.27227 152
25.29270 145
25.31313 155
25.33357 146
25.35401 158
25.37444 170
25.39487 164
25.41531 179
25.43574 157
25.45618 161
25.47661 165
25.49705 150
25.51748 172
25.53792 179
25.55835 168
25.57879 185
25.59922 149
25.61966 186
25.64009 178
25.66053 177
25.68096 163
25.70140 161
25.72183 164
25.74227 154
25.76270 168
25.78314 178
25.80357 180
25.82400 171
25.84444 165
25.86487 162
25.88531 170
25.90574 171
25.92618 154
25.94661 177
25.96705 172
25.98748 183
26.00792 168
26.02835 158
26.04879 180
26.06922 160
26.08966 166
26.11009 167
26.13053 163
26.15096 152
26.1714  144
26.19183 144
26.21226 149
26.23270 189
26.25313 164
26.27357 153
26.29400 164
26.31444 176
26.33487 179
26.35531 202
26.37574 142
26.39618 167
26.41661 194
26.43705 157
26.45748 186
26.47792 170
26.49835 151
26.51879 164
26.53922 174
26.55966 155
26.58009 173
26.60053 162
26.62096 171
26.64139 158
26.66183 192
26.68227 193
26.70270 172
26.72313 172
26.74357 176
26.76400 169
26.78444 182
26.80487 190
26.82531 172
26.84574 159
26.86618 191
26.88661 176
26.90705 162
26.92748 180
26.94792 167
26.96835 194
26.98879 160
27.00922 188
27.02966 184
27.05009 163
27.07053 180
27.09096 163
27.11139 166
27.13183 136
27.15226 150
27.17270 162
27.19313 161
27.21357 167
27.23400 173
27.25444 153
27.27487 154
27.29531 158
27.31574 151
27.33618 174
27.35661 167
27.37705 187
27.39748 186
27.41792 158
27.43835 159
27.45879 159
27.47922 170
27.49966 163
27.52009 189
27.54052 177
27.56096 158
27.5814  162
27.60183 170
27.62226 185
27.64270 137
27.66313 161
27.68357 168
27.70400 173
27.72444 185
27.74487 164
27.76531 183
27.78574 210
27.80618 171
27.82661 177
27.84705 173
27.86748 159
27.88792 143
27.90835 174
27.92879 180
27.94922 162
27.96966 165
27.99009 160
28.01052 161
28.03096 163
28.05139 153
28.07183 180
28.09226 181
28.11270 176
28.13313 187
28.15357 150
28.17400 176
28.19444 153
28.21487 145
28.23531 167
28.25574 185
28.27618 151
28.29661 139
28.31705 178
28.33748 172
28.35792 156
28.37835 173
28.39879 160
28.41922 155
28.43965 165
28.46009 166
28.48053 172
28.50096 148
28.52139 154
28.54183 164
28.56226 163
28.58270 160
28.60313 157
28.62357 164
28.64400 144
28.66444 161
28.68487 175
28.70531 162
28.72574 151
28.74618 137
28.76661 165
28.78705 165
28.80748 135
28.82792 141
28.84835 143
28.86879 180
28.88922 164
28.90965 177
28.93009 163
28.95052 148
28.97096 157
28.99139 143
29.01183 177
29.03226 154
29.05270 158
29.07313 153
29.09357 182
29.11400 174
29.13444 170
29.15487 173
29.17531 194
29.19574 168
29.21618 200
29.23661 177
29.25705 168
29.27748 162
29.29792 192
29.31835 160
29.33878 134
29.35922 170
29.37966 166
29.40009 156
29.42052 167
29.44096 142
29.46139 178
29.48183 181
29.50226 147
29.52270 157
29.54313 171
29.56357 155
29.58400 162
29.60444 149
29.62487 146
29.64531 139
29.66574 160
29.68618 156
29.70661 170
29.72705 143
29.74748 174
29.76792 143
29.78835 140
29.80878 165
29.82922 156
29.84965 164
29.87009 156
29.89052 169
29.91096 167
29.93139 146
29.95183 143
29.97226 153
29.99270 156
30.01313 150
30.03357 157
30.05400 171
30.07444 162
30.09487 154
30.11531 148
30.13574 138
30.15617 166
30.17661 149
30.19705 132
30.21748 153
30.23791 148
30.25835 168
30.27879 147
30.29922 149
30.31965 151
30.34009 159
30.36052 157
30.38096 147
30.40139 175
30.42183 153
30.44226 157
30.46270 154
30.48313 167
30.50357 152
30.52400 178
30.54444 147
30.56487 161
30.58531 141
30.60574 136
30.62618 145
30.64661 151
30.66704 149
30.68748 151
30.70791 171
30.72835 167
30.74878 159
30.76922 136
30.78965 177
30.81009 154
30.83052 144
30.85096 147
30.87139 159
30.89183 154
30.91226 151
30.93270 150
30.95313 139
30.97357 151
30.99400 149
31.01444 143
31.03487 157
31.05530 146
31.07574 148
31.09618 121
31.11661 142
31.13704 138
31.15748 150
31.17791 142
31.19835 151
31.21878 161
31.23922 158
31.25965 144
31.28009 148
31.30052 156
31.32096 158
31.34139 152
31.36183 154
31.38226 170
31.4027  165
31.42313 160
31.44357 161
31.46400 154
31.48444 151
31.50487 158
31.52531 152
31.54574 159
31.56617 142
31.58661 177
31.60704 140
31.62748 153
31.64791 162
31.66835 162
31.68878 156
31.70922 178
31.72965 167
31.75009 147
31.77052 150
31.79096 168
31.81139 167
31.83183 160
31.85226 200
31.87270 161
31.89313 163
31.91357 175
31.93400 170
31.95443 167
31.97487 168
31.99531 170
32.01574 198
32.03617 190
32.05661 191
32.07704 150
32.09748 176
32.11792 174
32.13835 166
32.15878 193
32.17922 185
32.19965 170
32.22009 184
32.24052 188
32.26096 181
32.28139 187
32.30183 148
32.32226 166
32.34270 156
32.36313 152
32.38357 162
32.40400 170
32.42443 181
32.44487 167
32.46530 153
32.48574 159
32.50618 157
32.52661 179
32.54704 146
32.56748 190
32.58791 169
32.60835 151
32.62878 170
32.64922 169
32.66965 170
32.69009 162
32.71052 149
32.73096 162
32.75139 158
32.77183 141
32.79226 179
32.81270 166
32.83313 152
32.85356 151
32.87400 161
32.89444 160
32.91487 161
32.93531 126
32.95574 151
32.97617 173
32.99661 163
33.01704 151
33.03748 136
33.05791 166
33.07835 167
33.09878 152
33.11922 172
33.13965 171
33.16009 152
33.18052 146
33.20096 165
33.22139 137
33.24182 173
33.26226 157
33.2827  175
33.30313 159
33.32357 177
33.34400 175
33.36444 173
33.38487 170
33.40530 196
33.42574 180
33.44617 192
33.46661 184
33.48704 186
33.50748 194
33.52791 180
33.54835 182
33.56878 186
33.58922 182
33.60965 194
33.63009 200
33.65052 177
33.67095 218
33.69139 215
33.71183 218
33.73226 237
33.75270 231
33.77313 211
33.79356 209
33.81400 212
33.83443 234
33.85487 225
33.87530 244
33.89574 251
33.91618 253
33.93661 248
33.95704 260
33.97748 280
33.99791 283
34.01835 258
34.03878 285
34.05922 279
34.07965 348
34.10009 357
34.12052 296
34.14096 361
34.16139 412
34.18183 389
34.20226 353
34.22269 378
34.24313 460
34.26356 474
34.28400 446
34.30444 476
34.32487 540
34.34530 562
34.36574 673
34.38617 711
34.40661 708
34.42704 802
34.44748 890
34.46791 985
34.48835 1113
34.50878 1282
34.52922 1366
34.54965 1549
34.57009 1807
34.59052 1996
34.61096 2274
34.63139 2610
34.65182 3051
34.67226 3598
34.69269 4005
34.71313 4478
34.73357 4986
34.75400 5424
34.77443 5751
34.79487 6374
34.81530 6397
34.83574 6700
34.85617 6602
34.87661 6493
34.89704 6373
34.91748 6163
34.93791 6060
34.95835 5592
34.97878 5075
34.99922 4652
35.01965 4269
35.04008 3726
35.06052 3378
35.08095 2982
35.10139 2693
35.12183 2322
35.14226 2154
35.16270 1768
35.18313 1538
35.20356 1380
35.22400 1283
35.24443 1031
35.26487 944
35.28530 812
35.30574 736
35.32617 642
35.34661 614
35.36704 565
35.38748 553
35.40791 502
35.42835 456
35.44878 418
35.46921 411
35.48965 411
35.51009 376
35.53052 349
35.55096 332
35.57139 326
35.59182 320
35.61226 343
35.63269 302
35.65313 303
35.67356 291
35.69400 290
35.71443 276
35.73487 256
35.75530 261
35.77574 251
35.79617 233
35.81661 248
35.83704 215
35.85748 236
35.87791 214
35.89835 224
35.91878 219
35.93922 218
35.95965 197
35.98009 231
36.00052 193
36.02095 220
36.04139 189
36.06182 208
36.08226 187
36.10269 200
36.12313 216
36.14357 204
36.16400 201
36.18443 214
36.20487 186
36.22530 204
36.24574 190
36.26617 201
36.28661 182
36.30704 213
36.32748 205
36.34791 229
36.36835 206
36.38878 193
36.40922 211
36.42965 214
36.45008 233
36.47052 228
36.49095 229
36.51139 257
36.53183 222
36.55226 261
36.57269 249
36.59313 241
36.61356 271
36.63400 237
36.65443 247
36.67487 247
36.69530 235
36.71574 237
36.73617 254
36.75661 207
36.77704 230
36.79748 250
36.81791 235
36.83834 208
36.85878 254
36.87921 222
36.89965 200
36.92009 191
36.94052 208
36.96096 176
36.98139 169
37.00182 164
37.02226 169
37.04269 170
37.06313 159
37.08356 164
37.10400 137
37.12443 154
37.14487 148
37.16530 157
37.18574 149
37.20617 145
37.22661 136
37.24704 115
37.26747 138
37.28791 133
37.30835 143
37.32878 123
37.34922 137
37.36965 124
37.39009 114
37.41052 113
37.43095 133
37.45139 123
37.47182 117
37.49226 125
37.51269 130
37.53313 119
37.55356 108
37.57400 117
37.59443 102
37.61487 114
37.63530 133
37.65574 119
37.67617 121
37.69660 112
37.71704 114
37.73748 123
37.75791 113
37.77835 123
37.79878 114
37.81921 118
37.83965 98
37.86008 108
37.88052 102
37.90095 103
37.92139 98
37.94183 87
37.96226 114
37.98269 117
38.00313 106
38.02356 100
38.04400 100
38.06443 101
38.08486 113
38.10530 131
38.12574 115
38.14617 108
38.16661 131
38.18704 96
38.20748 96
38.22791 116
38.24834 118
38.26878 104
38.28921 92
38.30965 108
38.33009 106
38.35052 117
38.37095 99
38.39139 97
38.41182 111
38.43226 104
38.45269 83
38.47313 128
38.49356 94
38.514   104
38.53443 90
38.55487 102
38.57530 121
38.59574 116
38.61617 105
38.63661 106
38.65704 103
38.67747 96
38.69791 92
38.71834 101
38.73878 102
38.75922 98
38.77965 101
38.80008 101
38.82052 109
38.84095 94
38.86139 111
38.88182 124
38.90226 111
38.92269 108
38.94313 113
38.96356 105
38.98400 79
39.00443 129
39.02487 103
39.04530 97
39.06573 113
39.08617 93
39.10660 116
39.12704 89
39.14748 125
39.16791 112
39.18835 122
39.20878 124
39.22921 117
39.24965 112
39.27008 117
39.29052 149
39.31095 119
39.33139 120
39.35182 134
39.37226 144
39.39269 133
39.41313 111
39.43356 137
39.45400 154
39.47443 148
39.49486 142
39.51530 150
39.53574 145
39.55617 144
39.57661 147
39.59704 143
39.61747 154
39.63791 171
39.65834 172
39.67878 162
39.69921 162
39.71965 169
39.74008 193
39.76052 207
39.78095 201
39.80139 220
39.82182 210
39.84226 252
39.86269 264
39.88313 276
39.90356 278
39.924   275
39.94443 343
39.96487 366
39.98530 396
40.00574 418
40.02617 440
40.04660 498
40.06704 512
40.08747 575
40.10791 672
40.12834 655
40.14878 803
40.16921 769
40.18965 887
40.21008 1021
40.23052 1057
40.25095 1193
40.27139 1330
40.29182 1410
40.31226 1432
40.33269 1598
40.35313 1731
40.37356 1736
40.39400 1957
40.41443 2070
40.43487 2141
40.45530 2225
40.47573 2373
40.49617 2357
40.51660 2478
40.53704 2565
40.55748 2552
40.57791 2695
40.59834 2658
40.61878 2799
40.63921 2835
40.65965 2788
40.68008 2828
40.70052 2726
40.72095 2792
40.74139 2736
40.76182 2737
40.78226 2562
40.80269 2704
40.82313 2664
40.84356 2461
40.86399 2382
40.88443 2324
40.90486 2196
40.92530 2125
40.94574 1954
40.96617 1971
40.98661 1777
41.00704 1707
41.02747 1573
41.04791 1517
41.06834 1404
41.08878 1359
41.10921 1231
41.12965 1169
41.15008 1077
41.17052 1009
41.19095 818
41.21139 812
41.23182 764
41.25226 720
41.27269 654
41.29312 585
41.31356 554
41.334   571
41.35443 448
41.37487 457
41.39530 464
41.41573 409
41.43617 346
41.45660 343
41.47704 341
41.49747 310
41.51791 279
41.53834 268
41.55878 295
41.57921 253
41.59965 253
41.62008 258
41.64052 252
41.66095 224
41.68139 212
41.70182 229
41.72226 202
41.74269 194
41.76313 177
41.78356 203
41.80400 181
41.82443 184
41.84486 198
41.86530 182
41.88573 173
41.90617 178
41.92660 173
41.94704 157
41.96747 146
41.98791 151
42.00834 164
42.02878 144
42.04921 166
42.06965 152
42.09008 139
42.11051 132
42.13095 146
42.15139 126
42.17182 138
42.19226 136
42.21269 146
42.23313 137
42.25356 146
42.27399 139
42.29443 120
42.31486 134
42.33530 126
42.35574 129
42.37617 111
42.39660 116
42.41704 137
42.43747 114
42.45791 103
42.47834 132
42.49878 110
42.51921 111
42.53965 94
42.56008 103
42.58052 111
42.60095 121
42.62139 91
42.64182 126
42.66225 113
42.68269 95
42.70312 88
42.72356 100
42.74399 86
42.76443 93
42.78487 94
42.80530 107
42.82573 85
42.84617 101
42.86660 95
42.88704 101
42.90747 84
42.92791 89
42.94834 91
42.96878 104
42.98921 99
43.00965 94
43.03008 93
43.05052 103
43.07095 85
43.09138 85
43.11182 76
43.13225 90
43.15269 78
43.17313 82
43.19356 84
43.21399 72
43.23443 73
43.25486 79
43.27530 73
43.29573 77
43.31617 80
43.33660 78
43.35704 109
43.37747 91
43.39791 88
43.41834 96
43.43878 78
43.45921 96
43.47965 77
43.50008 87
43.52051 78
43.54095 79
43.56139 67
43.58182 90
43.60226 60
43.62269 74
43.64312 66
43.66356 69
43.68399 65
43.70443 76
43.72486 78
43.74530 58
43.76573 74
43.78617 78
43.80660 75
43.82704 76
43.84747 74
43.86791 79
43.88834 58
43.90877 57
43.92921 63
43.94965 73
43.97008 70
43.99052 66
44.01095 70
44.03139 62
44.05182 72
44.07225 61
44.09269 68
44.11312 71
44.13356 65
44.15399 72
44.17443 68
44.19486 63
44.21530 61
44.23573 64
44.25617 61
44.27660 71
44.29704 57
44.31747 55
44.33791 73
44.35834 51
44.37878 79
44.39921 56
44.41965 58
44.44008 67
44.46051 59
44.48095 65
44.50138 54
44.52182 58
44.54225 46
44.56269 64
44.58313 57
44.60356 60
44.62399 65
44.64443 58
44.66486 66
44.68530 61
44.70573 70
44.72617 48
44.74660 53
44.76704 61
44.78747 55
44.80791 54
44.82834 44
44.84878 51
44.86921 70
44.88964 56
44.91008 51
44.93051 65
44.95095 70
44.97139 45
44.99182 66
45.01226 56
45.03269 58
45.05312 60
45.07356 47
45.09399 52
45.11443 57
45.13486 64
45.1553  50
45.17573 58
45.19617 57
45.21660 58
45.23704 58
45.25747 54
45.27791 56
45.29834 57
45.31877 59
45.33921 46
45.35965 53
45.38008 65
45.40052 52
45.42095 54
45.44138 51
45.46182 56
45.48225 56
45.50269 63
45.52312 54
45.54356 48
45.56399 56
45.58443 50
45.60486 61
45.62530 40
45.64573 70
45.66617 35
45.68660 55
45.70703 55
45.72747 46
45.74791 43
45.76834 55
45.78878 58
45.80921 59
45.82965 57
45.85008 52
45.87051 41
45.89095 64
45.91138 51
45.93182 57
45.95225 45
45.97269 59
45.99312 37
46.01356 51
46.03399 52
46.05443 47
46.07486 52
46.09530 72
46.11573 59
46.13616 49
46.15660 44
46.17704 57
46.19747 58
46.21791 70
46.23834 57
46.25878 53
46.27921 59
46.29964 61
46.32008 43
46.34051 53
46.36095 41
46.38139 50
46.40182 61
46.42225 61
46.44269 47
46.46312 52
46.48356 43
46.50399 48
46.52443 54
46.54486 45
46.5653  49
46.58573 42
46.60617 56
46.62660 47
46.64704 60
46.66747 53
46.68790 55
46.70834 50
46.72877 70
46.74921 53
46.76965 66
46.79008 42
46.81052 55
46.83095 64
46.85138 53
46.87182 61
46.89225 64
46.91269 61
46.93312 59
46.95356 61
46.97399 59
46.99443 62
47.01486 64
47.03530 57
47.05573 62
47.07617 62
47.09660 57
47.11703 57
47.13747 63
47.15790 72
47.17834 60
47.19878 68
47.21921 58
47.23964 76
47.26008 70
47.28051 86
47.30095 78
47.32138 75
47.34182 80
47.36225 67
47.38269 86
47.40312 75
47.42356 80
47.44399 84
47.46443 85
47.48486 85
47.50530 107
47.52573 90
47.54616 94
47.56660 104
47.58704 112
47.60747 120
47.62791 121
47.64834 125
47.66877 119
47.68921 137
47.70964 135
47.73008 146
47.75051 172
47.77095 173
47.79138 152
47.81182 163
47.83225 171
47.85269 199
47.87312 221
47.89356 202
47.91399 217
47.93442 198
47.95486 231
47.9753  194
47.99573 217
48.01617 204
48.03660 194
48.05704 225
48.07747 232
48.09790 187
48.11834 201
48.13877 194
48.15921 205
48.17964 174
48.20008 172
48.22051 185
48.24095 188
48.26138 168
48.28182 175
48.30225 158
48.32269 162
48.34312 157
48.36356 130
48.38399 158
48.40443 158
48.42486 126
48.44530 121
48.46573 129
48.48616 138
48.50660 110
48.52703 108
48.54747 113
48.56790 100
48.58834 95
48.60878 104
48.62921 87
48.64964 89
48.67008 98
48.69051 73
48.71095 83
48.73138 77
48.75182 81
48.77225 75
48.79269 71
48.81312 69
48.83356 66
48.85399 71
48.87443 87
48.89486 54
48.91529 79
48.93573 56
48.95616 63
48.97660 62
48.99704 57
49.01747 74
49.03790 60
49.05834 77
49.07877 56
49.09921 57
49.11964 58
49.14008 51
49.16051 31
49.18095 43
49.20138 44
49.22182 71
49.24225 62
49.26269 49
49.28312 52
49.30356 48
49.32399 55
49.34442 43
49.36486 45
49.3853  31
49.40573 57
49.42617 45
49.44660 50
49.46703 44
49.48747 44
49.50790 44
49.52834 39
49.54877 62
49.56921 38
49.58964 43
49.61008 48
49.63051 42
49.65095 39
49.67138 43
49.69182 37
49.71225 51
49.73268 45
49.75312 48
49.77356 45
49.79399 44
49.81443 58
49.83486 45
49.85530 45
49.87573 38
49.89616 41
49.91660 40
49.93703 41
49.95747 41
49.97790 38
49.99834 38
50.01877 40
50.03921 53
50.05964 39
50.08008 46
50.10051 47
50.12095 31
50.14138 43
50.16181 30
50.18225 39
50.20269 44
50.22312 46
50.24356 39
50.26399 35
50.28442 37
50.30486 30
50.32529 35
50.34573 46
50.36616 43
50.38660 32
50.40704 45
50.42747 43
50.44790 32
50.46834 43
50.48877 32
50.50921 30
50.52964 36
50.55008 40
50.57051 26
50.59095 40
50.61138 42
50.63182 44
50.65225 39
50.67269 29
50.69312 45
50.71355 35
50.73399 43
50.75442 33
50.77486 36
50.7953  36
50.81573 31
50.83616 43
50.85660 36
50.87703 27
50.89747 37
50.91790 32
50.93834 22
50.95877 38
50.97921 37
50.99964 36
51.02008 39
51.04051 45
51.06095 39
51.08138 39
51.10182 34
51.12225 35
51.14268 41
51.16312 41
51.18355 48
51.20399 24
51.22443 38
51.24486 34
51.26529 43
51.28573 40
51.30616 36
51.32660 40
51.34703 38
51.36747 43
51.38790 50
51.40834 44
51.42877 43
51.44921 30
51.46964 42
51.49008 36
51.51051 46
51.53094 41
51.55138 43
51.57181 31
51.59225 43
51.61269 43
51.63312 38
51.65356 38
51.67399 32
51.69442 38
51.71486 40
51.73529 39
51.75573 21
51.77616 35
51.79660 41
51.81703 31
51.83747 38
51.85790 40
51.87834 33
51.89877 32
51.91921 24
51.93964 40
51.96007 40
51.98051 33
52.00095 42
52.02138 37
52.04182 32
52.06225 32
52.08268 34
52.10312 34
52.12355 32
52.14399 36
52.16442 49
52.18486 35
52.20529 37
52.22573 46
52.24616 38
52.26660 42
52.28703 32
52.30747 22
52.32790 37
52.34834 27
52.36877 44
52.38921 42
52.40964 42
52.43008 31
52.45051 36
52.47095 42
52.49138 34
52.51181 39
52.53225 42
52.55268 35
52.57312 40
52.59355 44
52.61399 29
52.63443 38
52.65486 35
52.67529 31
52.69573 34
52.71616 36
52.73660 36
52.75703 36
52.77747 50
52.79790 37
52.81834 33
52.83877 33
52.85921 36
52.87964 25
52.90008 48
52.92051 35
52.94094 40
52.96138 29
52.98181 28
53.00225 33
53.02269 34
53.04312 39
53.06355 37
53.08399 33
53.10442 40
53.12486 29
53.14529 41
53.16573 54
53.18616 39
53.2066  31
53.22703 35
53.24747 42
53.26790 39
53.28834 44
53.30877 38
53.32920 26
53.34964 42
53.37007 40
53.39051 35
53.41095 43
53.43138 32
53.45182 30
53.47225 35
53.49268 32
53.51312 28
53.53355 23
53.55399 38
53.57442 29
53.59486 46
53.61529 40
53.63573 35
53.65616 38
53.67660 24
53.69703 42
53.71747 41
53.73790 35
53.75833 39
53.77877 40
53.79921 41
53.81964 39
53.84008 35
53.86051 35
53.88095 41
53.90138 46
53.92181 41
53.94225 35
53.96268 37
53.98312 41
54.00355 32
54.02399 42
54.04442 32
54.06486 44
54.08529 34
54.10573 37
54.12616 38
54.14660 38
54.16703 36
54.18746 46
54.20790 31
54.22834 41
54.24877 39
54.26921 51
54.28964 38
54.31007 46
54.33051 53
54.35094 37
54.37138 39
54.39181 46
54.41225 36
54.43269 33
54.45312 41
54.47355 41
54.49399 34
54.51442 43
54.53486 37
54.55529 34
54.57572 59
54.59616 34
54.6166  40
54.63703 30
54.65747 32
54.67790 30
54.69834 50
54.71877 40
54.73920 43
54.75964 44
54.78007 33
54.80051 53
54.82095 36
54.84138 49
54.86181 44
54.88225 31
54.90268 56
54.92312 40
54.94355 44
54.96399 38
54.98442 44
55.00486 42
55.02529 53
55.04573 53
55.06616 51
55.08660 47
55.10703 49
55.12747 60
55.14790 45
55.16833 44
55.18877 46
55.20920 56
55.22964 57
55.25008 59
55.27051 65
55.29094 60
55.31138 52
55.33181 55
55.35225 64
55.37268 73
55.39312 56
55.41355 51
55.43399 50
55.45442 59
55.47486 48
55.49529 54
55.51573 57
55.53616 63
55.55659 58
55.57703 62
55.59746 51
55.61790 59
55.63834 52
55.65877 53
55.67921 52
55.69964 62
55.72007 63
55.74051 53
55.76094 51
55.78138 55
55.80181 56
55.82225 40
55.84268 51
55.86312 57
55.88355 65
55.90399 64
55.92442 63
55.94486 44
55.96529 61
55.98572 50
56.00616 45
56.0266  55
56.04703 48
56.06747 59
56.08790 59
56.10833 47
56.12877 60
56.14920 54
56.16964 49
56.19007 51
56.21051 38
56.23094 56
56.25138 45
56.27181 48
56.29225 44
56.31268 50
56.33312 56
56.35355 55
56.37399 50
56.39442 52
56.41486 63
56.43529 53
56.45573 50
56.47616 58
56.49660 63
56.51703 51
56.53746 48
56.55790 57
56.57833 51
56.59877 55
56.61920 65
56.63964 44
56.66007 50
56.68051 58
56.70094 71
56.72138 41
56.74181 57
56.76225 72
56.78268 54
56.80312 68
56.82355 64
56.84399 54
56.86442 76
56.88486 58
56.90529 68
56.92573 75
56.94616 68
56.96659 75
56.98703 80
57.00746 68
57.02790 62
57.04834 59
57.06877 60
57.08920 72
57.10964 69
57.13007 57
57.15051 73
57.17094 69
57.19138 71
57.21181 67
57.23225 58
57.25268 64
57.27312 62
57.29355 63
57.31399 79
57.33442 68
57.35485 75
57.37529 61
57.39572 65
57.41616 67
57.4366  71
57.45703 69
57.47747 81
57.49790 80
57.51833 67
57.53877 76
57.55920 64
57.57964 61
57.60007 69
57.62051 68
57.64094 63
57.66138 62
57.68181 59
57.70225 67
57.72268 80
57.74312 63
57.76355 64
57.78398 65
57.80442 61
57.82486 61
57.84529 57
57.86573 67
57.88616 78
57.90659 88
57.92703 73
57.94746 97
57.96790 76
57.98833 87
58.00877 68
58.02920 83
58.04964 71
58.07007 77
58.09051 93
58.11094 102
58.13138 111
58.15181 119
58.17225 107
58.19268 128
58.21312 117
58.23355 128
58.25399 133
58.27442 106
58.29486 109
58.31529 129
58.33572 133
58.35616 149
58.37659 158
58.39703 153
58.41746 148
58.43790 158
58.45833 164
58.47877 183
58.49920 178
58.51964 174
58.54007 204
58.56051 190
58.58094 202
58.60137 216
58.62181 191
58.64225 209
58.66268 222
58.68312 211
58.70355 177
58.72399 190
58.74442 208
58.76485 199
58.78529 199
58.80572 203
58.82616 198
58.8466  193
58.86703 185
58.88746 176
58.90790 201
58.92833 213
58.94877 187
58.96920 185
58.98964 189
59.01007 173
59.03051 197
59.05094 193
59.07138 181
59.09181 164
59.11225 181
59.13268 195
59.15311 151
59.17355 163
59.19398 147
59.21442 158
59.23485 134
59.25529 163
59.27573 154
59.29616 142
59.31659 137
59.33703 108
59.35746 127
59.37790 116
59.39833 113
59.41877 122
59.43920 105
59.45964 81
59.48007 105
59.50051 93
59.52094 96
59.54138 84
59.56181 107
59.58224 84
59.60268 79
59.62311 96
59.64355 79
59.66399 91
59.68442 79
59.70485 73
59.72529 74
59.74572 77
59.76616 84
59.78659 72
59.80703 79
59.82746 65
59.8479  54
59.86833 64
59.88877 65
59.90920 70
59.92964 59
59.95007 61
59.97051 58
59.99094 52
60.01137 58
60.03181 50
60.05225 79
60.07268 61
60.09312 57
60.11355 60
60.13398 59
60.15442 37
60.17485 61
60.19529 71
60.21572 57
60.23616 64
60.25659 49
60.27703 53
60.29746 61
60.31790 42
60.33833 49
60.35877 44
60.37920 54
60.39963 49
60.42007 47
60.44051 49
60.46094 59
60.48138 54
60.50181 51
60.52225 43
60.54268 52
60.56311 57
60.58355 51
60.60398 62
60.62442 59
60.64485 54
60.66529 50
60.68572 41
60.70616 57
60.72659 60
60.74703 51
60.76746 57
60.78790 65
60.80833 60
60.82877 68
60.84920 51
60.86964 47
60.89007 45
60.91051 61
60.93094 44
60.95137 64
60.97181 62
60.99224 52
61.01268 48
61.03311 55
61.05355 55
61.07399 57
61.09442 62
61.11485 60
61.13529 65
61.15572 61
61.17616 56
61.19659 60
61.21703 56
61.23746 70
61.2579  66
61.27833 56
61.29877 57
61.31920 60
61.33964 63
61.36007 54
61.38050 67
61.40094 53
61.42137 78
61.44181 63
61.46225 75
61.48268 48
61.50312 60
61.52355 61
61.54398 64
61.56442 67
61.58485 74
61.60529 75
61.62572 56
61.64616 68
61.66659 62
61.68703 55
61.70746 83
61.72790 63
61.74833 71
61.76877 92
61.78920 64
61.80963 65
61.83007 78
61.85051 67
61.87094 81
61.89138 72
61.91181 90
61.93224 81
61.95268 67
61.97311 82
61.99355 87
62.01398 87
62.03442 100
62.05485 92
62.07529 91
62.09572 99
62.11616 77
62.13659 88
62.15703 95
62.17746 95
62.19789 97
62.21833 94
62.23877 97
62.25920 89
62.27964 95
62.30007 101
62.32051 79
62.34094 105
62.36137 108
62.38181 103
62.40224 124
62.42268 110
62.44311 124
62.46355 129
62.48398 105
62.50442 140
62.52485 122
62.54529 122
62.56572 140
62.58616 133
62.60659 162
62.62702 161
62.64746 171
62.6679  155
62.68833 158
62.70877 170
62.72920 176
62.74964 174
62.77007 182
62.79050 214
62.81094 241
62.83137 206
62.85181 232
62.87225 224
62.89268 212
62.91311 257
62.93355 298
62.95398 256
62.97442 307
62.99485 294
63.01529 293
63.03572 337
63.05616 367
63.07659 389
63.09703 391
63.11746 423
63.13790 473
63.15833 467
63.17876 484
63.19920 498
63.21963 609
63.24007 579
63.26050 650
63.28094 660
63.30138 769
63.32181 723
63.34224 781
63.36268 789
63.38311 768
63.40355 839
63.42398 851
63.44442 885
63.46485 954
63.48529 955
63.50572 961
63.52616 972
63.54659 979
63.56703 1018
63.58746 942
63.60789 968
63.62833 974
63.64876 962
63.66920 962
63.68964 986
63.71007 897
63.73050 931
63.75094 924
63.77137 861
63.79181 867
63.81224 863
63.83268 807
63.85311 786
63.87355 782
63.89398 717
63.91442 687
63.93485 653
63.95529 660
63.97572 649
63.99616 579
64.01659 584
64.03703 531
64.05746 502
64.07789 515
64.09833 489
64.11876 481
64.13920 421
64.15963 437
64.18007 424
64.20050 365
64.22094 339
64.24137 348
64.26181 308
64.28224 296
64.30268 268
64.32312 267
64.34355 247
64.36398 251
64.38442 236
64.40485 205
64.42529 222
64.44572 201
64.46616 192
64.48659 203
64.50702 191
64.52746 176
64.54789 157
64.56833 157
64.58876 157
64.60920 147
64.62963 139
64.65007 131
64.67050 132
64.69094 144
64.71138 123
64.73181 132
64.75225 101
64.77268 93
64.79311 106
64.81355 96
64.83398 95
64.85442 107
64.87485 86
64.89529 94
64.91572 88
64.93615 100
64.95659 113
64.97702 87
64.99746 72
65.01789 79
65.03833 74
65.05876 86
65.07920 84
65.09964 102
65.12007 70
65.14051 85
65.16094 85
65.18137 62
65.20181 94
65.22224 68
65.24268 78
65.26311 70
65.28355 64
65.30398 60
65.32441 57
65.34485 65
65.36528 65
65.38572 67
65.40615 64
65.42659 51
65.44702 56
65.46746 57
65.4879  60
65.50833 53
65.52877 69
65.54920 61
65.56964 80
65.59007 60
65.61050 53
65.63094 52
65.65137 52
65.67181 53
65.69224 56
65.71268 40
65.73311 57
65.75354 62
65.77398 53
65.79441 49
65.81485 62
65.83528 47
65.85572 56
65.87616 67
65.89659 60
65.91703 72
65.93746 59
65.95790 60
65.97833 45
65.99877 43
66.01920 60
66.03963 46
66.06007 57
66.08050 53
66.10094 46
66.12137 48
66.14181 51
66.16224 45
66.18267 45
66.20311 55
66.22354 57
66.24398 42
66.26442 44
66.28485 45
66.30529 44
66.32572 57
66.34616 43
66.36659 50
66.38703 42
66.40746 38
66.42789 41
66.44833 55
66.46876 40
66.48920 46
66.50963 64
66.53007 44
66.55050 41
66.57093 39
66.59137 44
66.61180 45
66.63224 47
66.65267 53
66.67311 47
66.69355 52
66.71398 39
66.73442 49
66.75485 42
66.77529 46
66.79572 53
66.81616 36
66.83659 37
66.85702 44
66.87746 40
66.89789 35
66.91833 38
66.93876 44
66.95920 54
66.97963 37
67.00006 32
67.02050 40
67.04093 49
67.06137 40
67.08181 47
67.10224 34
67.12268 24
67.14311 28
67.16355 40
67.18398 49
67.20442 41
67.22485 38
67.24529 48
67.26572 42
67.28615 34
67.30659 43
67.32702 45
67.34746 49
67.36789 51
67.38833 38
67.40876 44
67.42919 49
67.44963 38
67.47007 37
67.49050 34
67.51094 45
67.53138 46
67.55181 50
67.57224 37
67.59268 40
67.61311 49
67.63355 48
67.65398 55
67.67441 37
67.69485 43
67.71528 42
67.73572 47
67.75615 52
67.77659 42
67.79702 41
67.81745 45
67.83789 45
67.85833 58
67.87876 35
67.8992  49
67.91964 59
67.94007 43
67.96050 64
67.98094 49
68.00137 60
68.02181 58
68.04224 60
68.06268 54
68.08311 54
68.10354 61
68.12398 67
68.14441 62
68.16485 69
68.18528 63
68.20572 71
68.22615 84
68.24659 81
68.26702 78
68.28746 87
68.30789 77
68.32833 79
68.34877 77
68.36920 86
68.38963 103
68.41007 98
68.43050 97
68.45094 91
68.47137 92
68.49181 97
68.51224 110
68.53267 112
68.55311 106
68.57354 109
68.59398 111
68.61441 90
68.63485 97
68.65528 101
68.67572 96
68.69615 101
68.71659 104
68.73703 95
68.75746 99
68.77790 98
68.79833 93
68.81876 101
68.83920 81
68.85963 97
68.88007 93
68.90050 100
68.92093 95
68.94137 85
68.96180 76
68.98224 84
69.00267 73
69.02311 65
69.04354 50
69.06398 77
69.08441 72
69.10485 70
69.12529 65
69.14572 72
69.16616 55
69.18659 76
69.20702 74
69.22746 67
69.24789 58
69.26833 66
69.28876 62
69.30920 68
69.32963 53
69.35006 55
69.37050 53
69.39093 53
69.41137 44
69.43180 64
69.45224 55
69.47267 55
69.49311 57
69.51355 53
69.53398 51
69.55442 53
69.57485 48
69.59529 51
69.61572 56
69.63615 43
69.65659 42
69.67702 46
69.69746 47
69.71789 59
69.73833 54
69.75876 41
69.77919 52
69.79963 54
69.82006 41
69.84050 45
69.86093 54
69.88137 39
69.90181 48
69.92224 41
69.94268 44
69.96311 45
69.98355 39
70.00398 43
70.02442 50
70.04485 42
70.06528 34
70.08572 44
70.10615 40
70.12659 30
70.14702 37
70.16745 45
70.18789 46
70.20832 35
70.22876 43
70.24919 31
70.26963 45
70.29007 46
70.31050 38
70.33094 44
70.35137 46
70.37181 29
70.39224 41
70.41268 32
70.43311 42
70.45354 31
70.47398 35
70.49441 49
70.51485 39
70.53528 28
70.55572 43
70.57615 30
70.59658 41
70.61702 32
70.63745 36
70.65789 32
70.67832 45
70.69876 39
70.7192  34
70.73963 32
70.76007 40
70.78050 25
70.80094 35
70.82137 36
70.84181 40
70.86224 32
70.88267 40
70.90311 37
70.92354 28
70.94398 32
70.96441 36
70.98485 16
71.00528 36
71.02571 37
71.04615 40
71.06658 32
71.08702 36
71.10746 50
71.12789 36
71.14833 44
71.16876 35
71.18920 33
71.20963 45
71.23007 45
71.25050 31
71.27094 42
71.29137 35
71.31180 32
71.33224 40
71.35267 34
71.37311 36
71.39354 20
71.41397 31
71.43441 32
71.45484 33
71.47528 37
71.49572 42
71.51615 41
71.53659 31
71.55702 48
71.57746 29
71.59789 37
71.61833 34
71.63876 34
71.65920 36
71.67963 42
71.70006 38
71.72050 41
71.74093 41
71.76137 44
71.78180 52
71.80224 44
71.82267 54
71.84310 46
71.86354 33
71.88398 52
71.90441 46
71.92485 34
71.94529 32
71.96572 32
71.98615 46
72.00659 43
72.02702 56
72.04746 40
72.06789 38
72.08833 39
72.10876 49
72.12919 53
72.14963 55
72.17006 53
72.19050 47
72.21093 50
72.23137 38
72.25180 54
72.27224 60
72.29267 55
72.31311 40
72.33354 64
72.35398 62
72.37442 48
72.39485 57
72.41528 60
72.43572 78
72.45615 63
72.47659 67
72.49702 53
72.51746 68
72.53789 77
72.55832 74
72.57876 73
72.59919 88
72.61963 75
72.64006 94
72.6605  78
72.68093 98
72.70137 101
72.72180 102
72.74224 91
72.76268 121
72.78311 106
72.80354 118
72.82398 115
72.84441 128
72.86485 119
72.88528 135
72.90572 151
72.92615 137
72.94658 163
72.96702 178
72.98745 184
73.00789 165
73.02832 199
73.04876 192
73.06919 225
73.08963 214
73.11006 210
73.13050 260
73.15094 253
73.17137 241
73.19181 284
73.21224 307
73.23267 291
73.25311 346
73.27354 337
73.29398 349
73.31441 392
73.33485 378
73.35528 370
73.37571 360
73.39615 433
73.41658 408
73.43702 420
73.45745 430
73.47789 445
73.49832 453
73.51876 487
73.5392  491
73.55963 508
73.58007 474
73.60050 481
73.62094 556
73.64137 520
73.66180 553
73.68224 581
73.70267 580
73.72311 517
73.74354 556
73.76398 579
73.78441 564
73.80484 549
73.82528 569
73.84571 558
73.86615 560
73.88658 580
73.90702 551
73.92746 546
73.94789 564
73.96833 567
73.98876 521
74.00920 555
74.02963 576
74.05006 526
74.07050 546
74.09093 485
74.11137 506
74.13180 486
74.15224 509
74.17267 485
74.19310 480
74.21354 468
74.23397 463
74.25441 439
74.27484 406
74.29528 385
74.31572 366
74.33615 368
74.35659 364
74.37702 330
74.39746 314
74.41789 333
74.43833 305
74.45876 300
74.47919 295
74.49963 257
74.52006 266
74.54050 256
74.56093 246
74.58137 234
74.60180 215
74.62223 208
74.64267 208
74.66310 206
74.68354 212
74.70397 163
74.72441 189
74.74485 172
74.76528 137
74.78572 162
74.80615 118
74.82659 126
74.84702 144
74.86746 122
74.88789 118
74.90832 115
74.92876 101
74.94919 124
74.96963 119
74.99006 120
75.01050 109
75.03093 106
75.05136 115
75.07180 103
75.09223 87
75.11267 83
75.13311 83
75.15354 72
75.17398 93
75.19441 73
75.21485 83
75.23528 76
75.25572 68
75.27615 85
75.29658 73
75.31702 68
75.33745 61
75.35789 67
75.37832 71
75.39876 69
75.41919 44
75.43962 59
75.46006 61
75.48049 52
75.50093 60
75.52137 63
75.54180 68
75.56224 54
75.58267 61
75.60311 55
75.62354 60
75.64398 55
75.66441 55
75.68485 51
75.70528 57
75.72571 49
75.74615 64
75.76658 45
75.78702 54
75.80745 45
75.82789 62
75.84832 52
75.86875 56
75.88919 40
75.90963 43
75.93006 62
75.9505  44
75.97094 43
75.99137 38
76.01180 48
76.03224 43
76.05267 41
76.07311 48
76.09354 50
76.11398 43
76.13441 52
76.15484 42
76.17528 47
76.19571 41
76.21615 51
76.23658 44
76.25702 41
76.27745 47
76.29789 37
76.31832 40
76.33876 43
76.3592  51
76.37963 38
76.40007 43
76.42050 43
76.44093 43
76.46137 43
76.48180 39
76.50224 52
76.52267 46
76.54310 37
76.56354 46
76.58397 46
76.60441 39
76.62484 35
76.64528 44
76.66571 35
76.68615 34
76.70658 38
76.72702 42
76.74745 39
76.76789 38
76.78833 39
76.80876 42
76.82919 32
76.84963 37
76.87006 36
76.89050 30
76.91093 37
76.93137 44
76.95180 36
76.97223 29
76.99267 33
77.01310 30
77.03354 48
77.05397 40
77.07441 29
77.09484 35
77.11528 29
77.13571 45
77.15615 36
77.17659 40
77.19702 36
77.21746 36
77.23789 31
77.25832 34
77.27876 37
77.29919 34
77.31963 28
77.34006 37
77.36050 43
77.38093 40
77.40136 42
77.42180 35
77.44223 36
77.46267 30
77.48310 36
77.50354 38
77.52397 40
77.54441 39
77.56485 39
77.58528 46
77.60572 27
77.62615 52
77.64659 37
77.66702 28
77.68745 42
77.70789 24
77.72832 26
77.74876 33
77.76919 36
77.78962 28
77.81006 37
77.83049 35
77.85093 37
77.87136 43
77.89180 36
77.91223 41
77.93267 31
77.95311 46
77.97354 26
77.99398 32
78.01441 28
78.03485 34
78.05528 34
78.07571 34
78.09615 30
78.11658 33
78.13702 42
78.15745 25
78.17789 36
78.19832 30
78.21875 31
78.23919 32
78.25962 40
78.28006 26
78.30049 23
78.32093 33
78.34137 34
78.36180 32
78.38224 25
78.40267 31
78.42311 39
78.44354 33
78.46398 31
78.48441 25
78.50484 29
78.52528 36
78.54571 31
78.56615 23
78.58658 27
78.60702 27
78.62745 34
78.64788 26
78.66832 31
78.68875 28
78.70919 31
78.72963 28
78.75006 27
78.7705  25
78.79093 33
78.81137 28
78.83180 30
78.85224 34
78.87267 24
78.89311 23
78.91354 38
78.93397 24
78.95441 26
78.97484 24
78.99528 22
79.01571 27
79.03614 33
79.05658 27
79.07701 38
79.09745 25
79.11788 37
79.13832 34
79.15876 27
79.17919 29
79.19963 28
79.22006 17
79.24050 25
79.26093 18
79.28137 26
79.30180 18
79.32223 24
79.34267 32
79.36310 28
79.38354 20
79.40397 18
79.42441 25
79.44484 18
79.46527 17
79.48571 35
79.50614 32
79.52658 17
79.54702 29
79.56745 19
79.58789 19
79.60832 30
79.62876 30
79.64919 25
79.66963 15
79.69006 37
79.71050 27
79.73093 22
79.75136 24
79.77180 26
79.79223 22
79.81267 20
79.83310 23
79.85354 32
79.87397 30
79.89440 30
79.91484 26
79.93528 22
79.95571 21
79.97615 16
79.99659 25
