Labels	2# Normalised	3# Normalised	1# Normalised
Type	Emission Scan	Emission Scan	Emission Scan

350	980.42468	1140.49878	745.46112
351	1114.32874	1357.02136	934.02075
352	1302.21106	1481.20691	1045.9939
353	1426.19836	1635.10583	1211.0968
354	1636.96143	1768.67529	1420.65247
355	1793.42664	1982.99963	1422.00574
356	2001.12439	2076.88208	1645.48169
357	2239.32349	2402.30981	1897.75452
358	2381.2124	2539.51245	2177.74414
359	2589.27783	2757.52954	2204.70264
360	2754.13306	2964.17334	2556.13135
361	2912.46655	3033.19897	2632.03784
362	3106.82593	3440.08594	2973.79517
363	3385.5752	3507.8418	3190.02563
364	3614.91895	3794.69263	3336.78174
365	3873.50952	4139.50146	3642.27539
366	3937.18555	4188.54883	4014.19043
367	4190.30176	4490.09717	4116.1543
368	4453.35742	4755.45654	4357.87891
369	4588.97705	4974.66455	4749.84424
370	4762.89795	5109.17334	5059.53271
371	4994.09375	5418.99658	5471.47754
372	5244.84326	5647.18799	5773.59814
373	5356.55859	5987.60303	5789.9873
374	5598.01953	6146.56006	6088.8457
375	5695.78711	6198.18359	6470.10596
376	5922.08105	6560.36865	6750.62158
377	6043.44727	6603.65771	6805.85059
378	6116.91895	6691.01611	6981.81836
379	6355.35205	6941.69189	6927.83838
380	6513.17041	7072.11963	7006.30176
381	6585.76514	7295.04248	7159.63672
382	6783.67236	7408.05127	6999.27881
383	6921.81348	7490.34766	7049.05859
384	6972.46045	7490.5293	6925.06934
385	7133.55811	7499.23975	6701.03174
386	7125.35059	7419.25928	6580.75879
387	7222.52246	7416.83105	6305.55762
388	7384.98633	7258.92236	6175.09961
389	7404.3418	7129.91162	5730.91748
390	7499.23975	7101.07813	5517.24658
391	7447.38135	6965.5293	5250.30957
392	7480.35498	6719.21094	4977.36035
393	7488.23291	6558.64307	4856.41504
394	7445.33057	6307.34668	4597.23535
395	7427.29443	6103.19141	4325.41602
396	7285.77148	5884.11914	4109.05566
397	7355.50781	5689.75342	3938.48999
398	7220.18359	5406.53711	3710.28296
399	7239.26172	5337.5415	3459.27271
400	7146.55762	5214.43164	3388.17041
401	6969.18896	4968.20313	3327.77881
402	6908.11719	4753.37695	3245.40649
403	6873.70557	4701.70508	3159.14258
404	6859.38184	4515.69678	3014.27515
405	6683.59961	4409.31348	3008.01978
406	6708.78613	4257.89551	3003.13916
407	6484.604	4188.91357	2955.54419
408	6418.40088	4032.30762	2934.27466
409	6408.3335	3936.7124	2978.13159
410	6423.01172	3962.71484	2888.72705
411	6238.81152	3812.13159	2922.10889
412	6220.67725	3777.39917	2860.77905
413	6235.31348	3732.31177	2797.24463
414	6095.28516	3725.41724	2907.48364
415	5998.14746	3707.30786	2929.63647
416	6020.76709	3509.06348	2826.12622
417	5831.31348	3495.06079	2883.60254
418	5970.66211	3431.62598	2928.23071
419	5823.21875	3515.23975	2945.20679
420	5743.34912	3368.82715	2955.29175
421	5771.82422	3467.57495	2964.30151
422	5777.58594	3312.85498	3066.19556
423	5734.94482	3269.79932	3121.96826
424	5694.40771	3283.42944	3188.38647
425	5628.10547	3293.90967	3159.00635
426	5586.2666	3164.91992	3293.11597
427	5558.02734	3291.21924	3355.73438
428	5578.39502	3259.04956	3365.41846
429	5547.8374	3227.15137	3474.95044
430	5567.67188	3260.23755	3628.93945
431	5593.51416	3194.53125	3632.6731
432	5497.40186	3149.38208	3778.91284
433	5478.72949	3103.50098	3895.78442
434	5541.8667	3126.14404	3921.4563
435	5409.66309	3128.40649	3989.96997
436	5472.00635	2979.66724	4075.77563
437	5414.27881	2973.57642	4137.38135
438	5364.76904	2970.69043	4378.33691
439	5406.19775	2939.3042	4293.69873
440	5398.38525	2980.6189	4485.7793
441	5438.16064	2948.87915	4509.43213
442	5417.19824	2980.14844	4568.4751
443	5497.57178	3059.68042	4738.20605
444	5624.3418	3178.17847	4875.7417
445	5822.67529	3357.93872	5192.05762
446	5942.86475	3354.77563	5321.37598
447	5814.24316	3356.52197	5491.94873
448	5692.17041	3317.15088	5604.52686
449	5497.32715	3365.8877	5593.17676
450	5351.49512	3200.20605	5610.76611
451	5049.82764	3105.74976	5632.32373
452	4873.90332	3082.0249	5622.02246
453	4697.15625	3090.97119	5509.74854
454	4602.73682	2920.85205	5680.39551
455	4519.32813	2909.47192	5614.34717
456	4334.42139	2847.79736	5579.81152
457	4358.09424	2814.70801	5507.96729
458	4275.58887	2784.05566	5387.2041
459	4265.57813	2722.75317	5420.1748
460	4259.36963	2673.6123	5456.80713
461	4261.85107	2684.65088	5314.55225
462	4306.84229	2684.25464	5411.10742
463	4342.77295	2643.28198	5390.25684
464	4302.99414	2693.91992	5168.69141
465	4254.93311	2603.72461	5172.64844
466	4351.75635	2567.9519	5099.75732
467	4280.56934	2607.1272	5031.03906
468	4271.51367	2600.83496	5005.07666
469	4276.12207	2510.03564	4921.29688
470	4196.37842	2500.2146	4856.32324
471	4234.52832	2521.53857	4870.69043
472	4236.33496	2557.60718	4776.12256
473	4180.27393	2546.97144	4600.02441
474	4219.17725	2527.43359	4707.70313
475	4151.82031	2515.43042	4515.43945
476	4196.04639	2451.75146	4393.95996
477	4094.58325	2371.56714	4320.22656
478	4133.76416	2475.77588	4258.13721
479	4071.28955	2427.22461	4100.18994
480	4083.73584	2425.35205	4041.375
481	4028.43872	2476.47754	3963.27051
482	4018.9187	2415.16846	3858.44946
483	4010.39941	2407.34204	3741.05835
484	4024.76855	2447.65356	3649.54053
485	4017.71411	2401.8147	3710.052
486	3985.3562	2435.10742	3683.43896
487	3988.39551	2410.01123	3463.05591
488	3982.62866	2467.13306	3520.49902
489	3992.00171	2437.97998	3363.9873
490	3900.13867	2407.1272	3277.71118
491	3958.1582	2400.03638	3210.64233
492	3927.17529	2472.97217	3200.4519
493	4004.2583	2550.19092	3027.37061
494	3924.72632	2455.43726	2990.42627
495	3976.50122	2483.10083	2943.03784
496	3992.35254	2467.52319	2861.04541
497	3967.65356	2439.4751	2869.20679
498	3979.45776	2514.89136	2877.24268
499	3902.98389	2483.11157	2804.69409
500	3947.05347	2556.7605	2674.15308
501	3966.6521	2499.2417	2722.88379
502	4033.87866	2530.28174	2613.11255
503	3992.06299	2541.07642	2609.70557
504	4065.09033	2516.5813	2554.05859
505	4026.05542	2523.23535	2469.27441
506	4069.68726	2607.5835	2381.04224
507	4068.41675	2604.46387	2448.42505
508	4121.79492	2628.27075	2398.10938
509	4145.22266	2676.91406	2317.34033
510	4203.71436	2635.93896	2312.81543
511	4159.35547	2602.79712	2237.65942
512	4185.45557	2700.51221	2247.83667
513	4272.25977	2715.95557	2210.82813
514	4218.69043	2658.86841	2171.41821
515	4265.16699	2681.40771	2231.79614
516	4239.68408	2792.91357	2197.73682
517	4266.45264	2750.05566	2200.33276
518	4289.0791	2744.18188	2127.64844
519	4326.81055	2769.80664	2119.27075
520	4297.71289	2811.02466	2185.74854
521	4402.89648	2778.30298	2123.60449
522	4375.51514	2796.64282	2101.00244
523	4395.47559	2832.83472	2126.68066
524	4394.67969	2853.31006	2182.52246
525	4516.08057	2854.27295	2213.30444
526	4530.99365	2784.14966	2242.96387
527	4543.59277	2805.1106	2245.78174
528	4530.03223	2896.2522	2266.26147
529	4614.99902	2943.24536	2175.34595
530	4674.93164	2904.23291	2240.88062
531	4632.65039	2825.68701	2244.80493
532	4690.78711	2865.74829	2247.18066
533	4671.08203	2900.61523	2234.46362
534	4714.11475	2968.99023	2309.27295
535	4735.03857	2873.1665	2339.71387
536	4750.9873	2945.78906	2309.61914
537	4780.32813	2879.27588	2413.47119
538	4854.82861	2934.70508	2373.37891
539	4835.20166	2946.98779	2433.5
540	4841.19043	2967.86743	2587.0166
541	4935.87793	2911.12402	2542.17798
542	4889.18799	2954.4668	2621.7627
543	4847.87061	2907.05884	2694.33496
544	5027.09668	2834.93311	2653.92041
545	4844.16797	2934.47021	2756.55518
546	4891.93555	2879.55371	2844.56714
547	4929.27686	2866.67236	2878.65771
548	4924.21094	2824.52319	2814.74634
549	4955.72559	2861.73218	2871.09985
550	4965.57227	2817.07813	2985.69263
551	4979.83594	2750.1499	3186.02686
552	4917.23242	2798.37158	3122.35669
553	4897.65576	2767.30396	3273.60083
554	4913.5332	2790.34961	3304.1543
555	4797.52832	2797.36328	3419.61401
556	4824.12988	2668.87793	3406.26392
557	4866.29639	2673.98755	3503.88989
558	4732.06445	2660.61621	3591.97437
559	4915.31787	2645.04102	3663.48706
560	4819.27197	2610.56055	3807.06201
561	4815.89893	2599.25586	3847.03662
562	4757.6377	2646.20483	3790.33203
563	4686.49854	2488.6145	3854.79517
564	4681.94336	2556.10962	3925.95117
565	4697.43652	2460.33862	4256.48291
566	4614.31885	2577.28491	4218.02246
567	4644.84131	2381.56372	4195.82227
568	4611.11084	2440.23657	4202.78369
569	4686.03613	2419.93359	4520.33643
570	4636.55957	2412.44751	4686.55811
571	4501.9624	2389.44702	4666.4917
572	4412.56592	2319.13794	4669.2417
573	4369.91553	2362.09717	4854.13916
574	4411.34131	2356.20923	4937.62842
575	4409.85693	2259.54443	5082.64404
576	4390.11377	2244.66357	5107.97363
577	4274.2583	2171.65503	5103.74805
578	4202.7998	2258.05835	5360.67285
579	4158.66748	2259.18237	5377.57031
580	4097.15479	2203.57129	5440.74512
581	4218.69531	2102.57935	5610.6167
582	3996.56299	2094.4707	5678.97363
583	3989.22656	2114.77637	5800.57178
584	3881.7688	2155.31079	5679.99316
585	3869.56274	2068.40308	6006.38721
586	3750.36108	1977.19873	6251.95215
587	3714.27124	2063.24976	6143.11768
588	3688.43408	1971.19373	6358.36426
589	3653.81714	1898.24805	6395.59619
590	3586.46094	1868.64978	6285.61084
591	3717.61182	1890.5863	6436.88672
592	3558.64014	1808.38611	6583.86035
593	3445.42725	1892.4353	6569.08252
594	3487.49585	1877.06763	6576.26074
595	3450.08569	1783.02966	6680.85059
596	3470.89575	1785.16052	6862.60938
597	3423.27075	1917.51196	6987.50732
598	3244.44751	1661.94067	6914.0752
599	3254.44678	1672.88684	7100.95361
600	3141.96094	1722.05029	6999.3042
601	3183.29785	1816.93921	6844.15527
602	3123.40552	1615.73901	7128.95752
603	3048.69019	1752.20325	7013.48682
604	2957.28345	1675.45288	7377.93359
605	2893.23975	1638.99536	7141.71729
606	2952.43311	1712.28003	7275.06641
607	2774.93042	1530.1499	7374.64746
608	2908.55664	1573.25293	7426.87793
609	2904.20654	1581.9762	7320.75928
610	2751.39453	1482.86536	7497.96338
611	2720.79712	1462.14209	7330.6001
612	2716.24365	1545.70923	7296.07617
613	2646.25098	1507.87708	7332.58057
614	2707.73486	1334.2041	7397.99023
615	2562.96606	1460.04468	7200.52393
616	2581.40674	1438.99109	7194.60596
617	2452.99121	1421.09363	7324.36182
618	2498.15942	1400.3844	7263.9126
619	2468.8396	1353.71716	7239.88428
620	2416.10693	1294.82373	7248.47803
621	2359.86426	1372.22876	7499.23975
622	2369.43384	1311.39746	7384.53516
623	2329.12402	1434.86755	7341.11182
624	2289.39941	1335.25488	7169.80029
625	2269.12573	1352.578	7254.20996
626	2227.24854	1245.78845	7126.76416
627	2185.58325	1288.72253	7309.52148
628	2088.20654	1318.5719	7122.0127
629	2157.3103	1179.44897	7139.88867
630	2101.19409	1209.69653	7065.8457
631	2073.70508	1168.56506	6807.27588
632	2019.48425	1184.11609	6960.12451
633	2006.69934	1201.62085	7098.36328
634	1980.9657	1216.5293	7061.66406
635	1991.77856	1205.02649	6707.53076
636	1909.7677	1126.5769	6458.57471
637	1901.39087	1186.1217	6796.32959
638	1937.3772	1224.92578	6482.99268
639	1899.57666	1157.35376	6436.57568
640	1827.2384	1145.34863	6467.47412
641	1903.93066	1151.08301	6358.04199
642	1870.98242	1035.15198	6338.89453
643	1820.05664	1120.72681	6153.88184
644	1856.74731	1139.90552	6306.60986
645	1815.23755	1195.97656	5697.43604
646	1791.14124	1143.16345	5748.9668
647	1669.43884	1115.99512	5647.49854
648	1730.34729	1140.90466	5574.58301
649	1677.59875	1120.08508	5721.88672
650	1731.33569	1067.32764	5475.92334
651	1611.16016	1060.90027	5636.67236
652	1551.50342	1117.97266	5541.85107
653	1669.09009	1072.47156	5123.74219
654	1580.88623	1098.1842	5348.04004
655	1692.21655	1082.27832	5179.66553
656	1660.40198	1030.67102	5489.29541
657	1544.83679	1070.35461	5336.06592
658	1519.21753	978.37128	5135.82617
659	1597.79675	1039.57471	4957.58789
660	1629.78833	1126.6842	4921.49756
661	1581.98206	1039.10632	4609.71484
662	1510.72449	930.38739	4661.97021
663	1532.38574	1055.40356	4450.93457
664	1627.14514	1076.4939	4697.40771
665	1490.52209	1091.39099	4629.09424
666	1459.52051	967.79059	4496.30273
667	1410.76001	921.75177	4356.32715
668	1361.43347	1056.11328	4198.32227
669	1423.84827	1039.97034	4071.93262
670	1579.45667	1119.30652	4004.35132
671	1619.80981	1045.86572	3970.5625
672	1390.94336	1026.09338	4060.90015
673	1446.89099	1020.59485	3917.94019
674	1366.84399	1033.88586	4051.29395
675	1487.12219	1178.01062	3917.48657
676	1556.58228	919.68921	4008.35156
677	1331.1748	931.49829	3844.5459
678	1485.54675	956.07623	3687.9126
679	1445.39355	1032.14807	3921.42432
680	1242.81824	830.01129	3407.75244
681	1366.87219	882.86462	3484.11523
682	1284.43457	875.58295	3231.90991
683	1235.11072	999.2887	3453.44043
684	1293.67859	796.26209	3332.21777
685	1178.34814	829.68848	3207.17212
686	1348.4585	730.5979	3137.97192
687	1225.23657	738.91303	3086.2749
688	1200.96338	964.51654	3155.95972
689	1229.31482	1027.27026	2988.65234
690	1237.8479	932.93359	3091.22461
691	1177.07434	1001.54895	3012.93384
692	1359.42163	865.57208	2746.06616
693	1273.52283	870.47748	2752.92065
694	1325.43872	963.15906	2784.83276
695	1197.32227	974.55981	2735.95898
696	1253.19373	958.24475	2786.23364
697	1257.75623	819.47351	2811.26245
698	1210.349	875.79767	2297.43848
699	1256.15356	915.78265	2511.66748
700	1182.12939	852.88434	2313.85254
701	1223.57349	817.97131	2761.99927
702	1257.9425	921.51135	2517.93237
703	1174.79297	919.41199	2534.36377
704	1235.97754	791.52863	2434.92407
705	1312.37439	920.61865	1999.46045
706	1368.26111	876.05115	2210.68872
707	1135.31372	870.80731	2172.60181
708	1235.177	900.57971	2290.47998
709	1228.3252	887.54816	2445.56079
710	1308.85742	955.13568	2186.12671
711	1195.67236	801.2605	2335.38281
712	1192.74829	877.18561	2403.09448
713	1178.34692	854.14417	2162.16357
714	1330.04822	948.64038	2339.62012
715	1237.72583	966.14636	2049.71582
716	1309.31812	1016.82129	1787.53894
717	1310.87061	926.61438	2058.82642
718	1177.61316	1028.39954	1839.1936
719	1279.8158	917.90656	2121.9021
720	1232.88196	863.78357	2370.15942
721	1152.71033	904.89899	1924.5293
722	1306.05115	1021.67236	1785.2981
723	1417.22974	939.16693	1790.27124
724	1381.24719	985.15741	2351.30469
725	1228.64685	945.55981	2133.97705
726	1134.34253	923.47925	1469.39709
727	1371.65894	939.51526	1669.84937
728	1080.30054	1027.14856	2087.43799
729	1346.41223	1139.4563	1911.94324
730	1315.64905	1297.70667	1846.61389
731	1403.53113	880.97565	2085.55615
732	1450.68811	896.98468	1966.8064
733	1424.21838	1012.53351	2071.40918
734	1328.91516	1108.91052	1854.46924
735	1261.41016	1059.56897	1667.61121
736	1477.87048	961.63452	1791.3457
737	1315.57568	871.59631	2032.77051
738	1194.84033	972.31451	1972.5542
739	1394.88794	1075.61206	1731.1355
740	1343.89343	905.2644	1800.51819
741	1468.65698	1125.76294	1608.06409
742	1357.54541	1080.85767	1491.88367
743	1495.48108	941.10126	1940.33997
744	1672.17432	930.17773	1994.8573
745	1238.36719	1000.10339	1634.91541
746	1258.86182	960.94763	2215.96362
747	1646.6626	850.81744	1962.9823
748	1362.87219	938.91345	1815.73035
749	1541.41309	1116.67981	1566.39709
750	1399.80688	1105.61694	2068.25562
751	1323.79639	911.99323	1983.19885
752	1233.84155	880.93127	1426.28784
753	1576.17444	895.83649	1925.55798
754	1498.26965	1215.36963	1653.94153
755	1512.63513	878.01514	1785.12805
756	1602.15259	1090.24377	1734.745
757	1295.49463	805.53449	1762.3772
758	1384.40405	767.65027	1655.74231
759	1408.97852	1076.42578	1823.25903
760	1563.10291	1060.78455	1969.18262
761	1566.40186	1115.10071	1488.11926
762	1350.96277	987.21619	1541.72314
763	1508.60364	1078.17981	1893.0199
764	1395.2926	1038.49182	1742.53052
765	1491.12805	1015.08392	1798.00171
766	1462.71692	1050.1283	1670.91504
767	1277.71179	849.70551	1823.64368
768	1246.04297	1024.6333	1694.28381
769	1590.93994	1164.76892	1593.21008
770	1642.98413	1079.0675	1915.07275
771	1652.63391	1094.52625	1406.64392
772	1395.85559	1175.33362	2244.16309
773	1591.00708	782.06854	2419.64893
774	1647.16064	839.52625	1617.03918
775	1555.35815	965.38989	1714.69751
776	1398.81921	889.07092	2394.02002
777	1574.43103	973.03589	1621.97534
778	1446.04858	1107.62036	1987.38037
779	1564.01135	1245.09131	1828.73645
780	1235.70105	997.24005	2089.88135
781	1338.22888	989.39496	2479.4895
782	1210.41785	980.09973	1919.37097
783	1565.89209	714.54578	1705.42773
784	1642.53748	881.69049	1691.73792
785	1424.92236	1027.15283	1634.35767
786	1375.50488	908.73999	1913.75012
787	1306.94275	1248.20154	1813.37732
788	1620.09985	827.68713	1492.57397
789	1499.88049	1150.66418	1830.88318
790	1431.1532	913.30457	1453.20764
791	1417.59778	842.00073	1709.33899
792	1440.03503	737.35144	1407.88696
793	1444.48035	809.74023	1670.17517
794	1613.29297	886.36865	2091.2063
795	1374.51953	1057.1781	1781.08142
796	1818.00757	1171.84802	1914.98425
797	1513.45032	743.07184	1902.02722
798	1323.79407	986.74524	1936.41077
799	1305.85046	805.09265	2135.04297
800	1380.45264	1063.27722	2019.28943